0 1 0.3574277098081016 0.25447338539244 -0.5022699429197278 0.0004233023486540993
0 2 0.5079585822317094 -1.1522405419955672 -0.5887193390382728 2.734263944326103e-06
0 3 0.09661361844867104 -0.8986599636833025 -0.04414182130766211 0.0003121166743787264
0 4 -0.00841809353546711 -0.5100499386744044 -0.7144687821817588 0.0013638972103970526
0 5 0.77880254652925 -0.04181133861110453 -0.16581305939905494 3.1284395325713734e-05
0 6 0.39498808472360514 0.49334646621375194 0.07817316416409023 2.1781568626936336e-05
0 7 0.35079879262735486 -0.148301809546838 -0.3809881672775638 0.006116117599539203
0 8 0.09723512094597883 -0.5635631273904613 -0.37543435756828397 0.0007547990515353453
0 9 -0.1944706908964829 0.13699429561119017 -0.5001855924830833 0.005411207838314143
0 10 0.45676063210130835 -0.5835105330672443 -0.1099351428626604 0.0006416651142039999
1 2 0.1505308724236078 -1.4067139273880067 -0.08644939611854498 8.011313242285538e-06
1 3 -0.26081409135943057 -1.1531333490757425 0.45812812161206573 3.72739739468719e-05
1 4 -0.36584580334356875 -0.7645233240668444 -0.21219883926203098 0.00034570933693287644
1 5 0.42137483672114834 -0.29628472400354455 0.33645688352067293 0.0021531782389257524
1 6 0.0375603749155035 0.2388730808213119 0.5804431070838181 0.0018275193663696014
1 7 -0.006628917180746754 -0.40277519493927805 0.1212817756421641 0.004966558819619756
1 8 -0.26019258886212276 -0.8180365127829013 0.12683558535144387 1.5910546878207767e-05
1 9 -0.5518984007045845 -0.11747908978124987 0.0020843504366445972 0.001809737591546794
1 10 0.09933292229320667 -0.8379839184596843 0.39233480005706745 2.1620441412020666e-06
2 3 -0.41134496378303836 0.2535805783122648 0.5445775177306107 0.0027611013416282944
2 4 -0.5163766757671765 0.6421906033211627 -0.12574944314348602 0.0005014002529480149
2 5 0.27084396429754054 1.110429203384463 0.4229062796392179 1.6071755615299195e-05
2 6 -0.1129704975081043 1.6455870082093187 0.666892503202363 7.61500235767952e-06
2 7 -0.15715978960435453 1.0039387324487288 0.20773117176070907 2.749014284094609e-08
2 8 -0.41072346128573056 0.5886774146051057 0.21328498146998887 0.0021788581522899212
2 9 -0.7024292731281924 1.2892348376067562 0.08853374655518957 7.688764130356758e-05
2 10 -0.051197950130401126 0.5687300089283219 0.4787841961756124 0.0009635613264818566
3 4 -0.10503171198413815 0.3886100250088981 -0.6703269608740967 0.0009696587715329672
3 5 0.682188928080579 0.8568486250721978 -0.12167123809139284 5.7652703075054023e-05
3 6 0.2983744662749341 1.3920064298970543 0.12231498547175235 1.673869252917309e-05
3 7 0.2541851741786838 0.7503581541364645 -0.33684634596990165 0.00018426942746638256
3 8 0.0006215024973077877 0.3350968362928411 -0.3312925362606219 0.017837287145781415
3 9 -0.29108430934515395 1.0356542592944924 -0.45604377117542116 3.737700624705192e-06
3 10 0.36014701365263724 0.31514943061605805 -0.06579332155499829 0.007302660187076391
4 5 0.787220640064717 0.4682386000632998 0.5486557227827039 5.4188234772892625e-05
4 6 0.40340617825907227 1.0033964048881563 0.7926419463458491 6.852854427784762e-05
4 7 0.359216886162822 0.3617481291275664 0.33348061490419506 0.004244227298174663
4 8 0.10565321448144593 -0.05351318871605698 0.3390344246134748 0.028121564556496764
4 9 -0.18605259736101576 0.6470442342855945 0.21428318969867557 0.005268317562453048
4 10 0.4651787256367754 -0.07346059439283999 0.6045336393190984 0.0010133035411944724
5 6 -0.3838144618056448 0.5351578048248564 0.2439862235631452 0.00024536648339301454
5 7 -0.4280037539018951 -0.10649047093573347 -0.21517510787850883 0.002005388164033118
5 8 -0.6815674255832711 -0.5217517887793568 -0.20962129816922903 2.6090588506752746e-05
5 9 -0.9732732374257329 0.1788056342222947 -0.3343725330840283 3.024260524047905e-06
5 10 -0.32204191442794167 -0.5416991944561398 0.055877916536394553 0.000425686738337622
6 7 -0.04418929209625025 -0.6416482757605899 -0.459161331441654 0.0008755819489426054
6 8 -0.2977529637776263 -1.0569095936042134 -0.45360752173237423 0.00011697526645662235
6 9 -0.5894587756200881 -0.35635217060256175 -0.5783587566471735 2.9793604057301213e-06
6 10 0.06177254737770317 -1.0768569992809964 -0.18810830702675063 0.00012842727811264562
7 8 -0.25356367168137606 -0.41526131784362336 0.005553809709279797 0.016828571697427328
7 9 -0.5452694835238378 0.28529610515802817 -0.11919742520551949 0.01562711663633604
7 10 0.10596183947395342 -0.43520872352040635 0.27105302441490337 3.2675246597147847e-06
8 9 -0.2917058118424617 0.7005574230016515 -0.12475123491479928 0.0025051654804085716
8 10 0.35952551115532944 -0.019947405676783003 0.2654992147056236 0.03801108635027218
9 10 0.6512313229977912 -0.7205048286784346 0.3902504496204229 0.0005448374091467506
