0 1 -0.4803587533299007 -0.27214085444711217 -0.28992547567697224 3.1612664685241744e-05 1.0168988723230279e-05
0 4 0.25256552812486033 -0.0839520734065994 -0.4133331575351916 6.594045794502761e-05 0.0054474374419258296
0 19 -0.20749973364597532 0.5559728006570549 -0.31425418955127377 4.378115905130039e-06 0.0010835698534405935
0 21 -0.29784356661294803 0.08492333377149308 -0.7888660068153639 8.53830412228842e-09 2.3162330763548452e-08
0 30 0.12378058544092338 0.6319068853477394 -0.3652549749459334 0.00031945580524766766 3.217532885286382e-05
0 38 0.4810792305496953 0.231939186125024 -0.3146020315489202 0.0006009160510279558 0.00012585640638363205
1 3 -0.30489411854210224 -0.37375503694779416 -0.381735460065862 0.0002874769860776373 2.8171636535300094e-05
1 4 0.732924281454761 0.18818878104051276 -0.12340768185821936 8.075695470226898e-05 2.43204401928621e-05
1 6 0.4092965900772004 -0.451768335228391 -0.2189960270345533 0.00023926941081820524 0.0002817901489914782
1 12 -0.29339325166815855 0.004843657482577329 -0.8407856716492946 6.69994896014689e-06 2.2241078107816004e-05
1 15 0.386247569135642 -0.19686077678971337 -0.5965960614086975 0.0005076774315710464 0.00044322534888110597
1 19 0.27285901968392534 0.8281136551041671 -0.024328713874301515 5.378205616203598e-06 1.29696810429479e-05
1 21 0.18251518671695263 0.35706418821860525 -0.4989405311383917 3.28337839082804e-05 0.00013282595421872461
1 29 -0.33358923235876287 0.26578851101435846 -0.059804693751355255 0.012264508438242007 0.007516855704714488
1 31 -0.058643659506085716 0.7258941335276554 -0.19017633349141497 0.00043658003683419113 7.772658631801402e-05
1 46 0.0667537619844787 0.3199930880986354 -0.9065789932042928 1.3738006774972324e-06 2.136864079119699e-07
2 5 0.3574277098081016 0.25447338539244 -0.5022699429197278 5.439520047477578e-06 0.0011487579943998854
2 16 -0.00841809353546711 -0.5100499386744044 -0.7144687821817588 6.7861029837491e-06 4.2978938931616033e-07
2 17 0.77880254652925 -0.04181133861110453 -0.16581305939905494 3.951496942851295e-07 1.1247117535299894e-05
2 20 -0.046573583494905015 0.07938998685763993 0.9730851260653428 2.2319211283246984e-06 9.818837379335642e-07
2 21 0.5725220568337822 -0.5464394329472745 0.2977033192032408 1.249566162356019e-05 7.939168693636157e-06
2 23 0.39498808472360514 0.49334646621375194 0.07817316416409023 0.0018136854314803486 1.381853772976837e-07
2 28 0.35079879262735486 -0.148301809546838 -0.3809881672775638 0.0007844480868559471 9.843700217170046e-06
2 31 0.33136321061074386 -0.17760948763822434 0.6064675168502175 0.00013077624654284523 1.9851405894019882e-05
2 32 0.09723512094597883 -0.5635631273904613 -0.37543435756828397 0.0003945156242191673 0.00010230642295156316
2 33 0.21340022593698252 0.4056085779560956 0.45579573562218445 0.0008829058124297896 0.0006472118891419507
2 44 -0.1944706908964829 0.13699429561119017 -0.5001855924830833 0.0018024546868126584 0.00023964079501422457
2 46 0.45676063210130835 -0.5835105330672443 -0.1099351428626604 5.005455850752705e-05 9.097330456627692e-06
2 47 -0.13612415041650258 -0.2539324795785163 0.34205538601644603 0.02404467588999313 0.0008110996108637365
3 6 0.7141907086193026 -0.07801329828059685 0.16273943303130875 0.0004171993177724942 9.346186315662414e-05
3 12 0.011500866873943728 0.3785986944303715 -0.45905021158343257 0.00017465617787009493 3.9201364778564376e-05
3 15 0.6911416876777442 0.17689426015808077 -0.2148606013428355 6.464193748336797e-05 0.00010192020555141951
3 29 -0.028695113816660595 0.6395435479621526 0.3219307663145068 8.711949516960786e-05 6.438834910682258e-06
4 6 -0.32362769137756064 -0.6399571162689038 -0.09558834517633392 2.034182016849454e-06 4.037018177384208e-05
4 7 -0.029688495058994527 0.047123294545024785 -0.7092516696637311 8.485359745840114e-06 0.00018141113266009816
4 8 0.43642435412795383 -0.5352996664058688 -0.16834208625914823 2.6352022474294385e-06 1.865402831609745e-06
4 10 0.36926763728383893 0.6067524819108479 -0.19706228026730874 2.6708874350234076e-07 3.858614860016571e-06
4 13 0.5590797453442539 0.14411117511479918 -0.5025673659274194 1.2109295425444921e-05 2.4949926932391897e-06
4 15 -0.346676712319119 -0.38504955783022615 -0.47318837955047816 4.835830492887805e-05 2.3640675781729025e-05
4 19 -0.4600652617708357 0.6399248740636543 0.09907896798391784 4.334552335280815e-06 7.530919148114793e-06
4 21 -0.5504090947378084 0.1688754071780925 -0.37553284928017233 0.000426756586459527 2.0700276845331953e-05
4 27 0.3121947907577141 -0.3712241157751515 0.15391314896019478 0.0007552460451052673 0.0009954215388991898
4 30 -0.12878494268393695 0.7158589587543388 0.04807818258925822 2.667895963583592e-05 2.19954275196451e-06
4 38 0.228513702424835 0.3158912595316234 0.09873112598627141 0.024536421116906976 0.025175140399504577
4 43 -0.22505958167751 0.596925025063088 -0.47094707499164706 0.00030664585559468394 5.717024545555284e-05
5 11 0.5419716517571058 0.23960844327495334 0.09189543241593069 0.0012270828958628535 0.004305860298333278
5 16 -0.36584580334356875 -0.7645233240668444 -0.21219883926203098 5.125948852721859e-06 5.978055917977669e-07
5 17 0.42137483672114834 -0.29628472400354455 0.33645688352067293 0.001184944498132042 8.171571447283038e-06
5 23 0.0375603749155035 0.2388730808213119 0.5804431070838181 1.7441903932935933e-05 0.00013367023144250656
5 28 -0.006628917180746754 -0.40277519493927805 0.1212817756421641 0.007900316219672403 0.008876278740170001
5 36 0.4972984454939061 -0.8106633468935546 -0.1065645632532104 1.1487783304969996e-07 1.323498107657463e-09
5 44 -0.5518984007045845 -0.11747908978124987 0.0020843504366445972 0.0007640951057967475 0.00037942198355570374
6 8 0.7600520455055144 0.10465744986303496 -0.07275374108281431 1.6360775604261023e-06 7.926595667587658e-06
6 15 -0.023049020941558362 0.2549075584386776 -0.37760003437414424 0.003151343779111155 2.1016408904266953e-05
6 21 -0.22678140336024774 0.8088325234469963 -0.2799445041038384 2.7138859447775683e-08 3.692460911231984e-06
6 27 0.6358224821352747 0.2687330004937522 0.2495014941365287 0.0014424039938608442 5.4936376558722535e-05
7 8 0.46611284918694834 -0.5824229609508936 0.5409095834045828 3.2884159152056186e-07 3.3096653901114076e-07
7 13 0.5887682404032484 0.09698788056977438 0.20668430373631175 1.77434170804889e-05 0.0013094101999546778
7 14 0.45628636292628993 -0.3098412077437719 -0.14634520022415878 0.0009549547091683181 0.00020803144903679333
7 15 -0.3169882172601245 -0.43217285237525094 0.23606329011325292 4.092392957343734e-05 8.905214688622917e-05
7 17 -0.3144401099833461 0.6263802069692377 -0.129797558218737 0.00011575573667213365 2.070469282553799e-06
7 21 -0.5207205996788138 0.12175211263306769 0.33371882038355877 0.00016589967533960564 0.00019528903131870064
7 35 0.21540193901876484 -0.27310364851043206 -0.3954621903971735 0.001707303175538353 0.0017154776782297898
7 36 -0.23851650121058832 0.11200158407922771 -0.5728190049926203 0.0017323755227724705 0.002203851563174295
7 38 0.25820219748382955 0.2687679649865986 0.8079827956500025 1.0029516417715968e-05 7.63489434501252e-07
7 42 0.16662321572872466 0.7341833064397704 -0.06472603680090253 0.00011083823469785823 3.4145980028019016e-05
7 43 -0.1953710866185155 0.5498017305180632 0.238304594672084 0.000350032553872954 0.0004434965520370689
7 45 0.23573862650080687 0.32709302896926923 -0.4134439660460092 0.0012754750298442528 0.0009012160798624075
7 46 -0.6364820244112878 0.08468101251309784 -0.07391964168234244 0.0003075276578916551 0.00011168101612972848
7 48 -0.24683697399606316 -0.38839670421749695 -0.32262306434453325 0.0004414838805988156 0.0005089688679836649
8 13 0.12265539121630001 0.679410841520668 -0.3342252796682711 1.8008154343982362e-05 7.138461765953448e-06
8 14 -0.00982648626065841 0.27258175320712175 -0.6872547836287416 3.7931680551753348e-06 3.836113063663433e-05
8 15 -0.7831010664470728 0.15025010857564264 -0.30484629329132995 2.2243382524089686e-06 3.4624824524548814e-06
8 27 -0.1242295633702397 0.16407555063071727 0.322255235219343 9.50673092147734e-05 0.0031690449383533726
9 12 -0.41134496378303836 0.2535805783122648 0.5445775177306107 4.0200765441952824e-05 3.9009072293524163e-07
9 16 -0.5163766757671765 0.6421906033211627 -0.12574944314348602 2.296676977781004e-05 4.7754520545457715e-05
9 32 -0.41072346128573056 0.5886774146051057 0.21328498146998887 1.4091527926764568e-05 1.9951690328613066e-06
9 36 0.3467675730702983 0.5960505804944523 -0.020115167134665428 0.0003704099460561964 5.522133283809113e-05
9 46 -0.051197950130401126 0.5687300089283219 0.4787841961756124 0.0007506065777603322 0.0002899908029184509
9 48 0.33844710028482344 0.0956522921977269 0.23008077351342165 0.010529661344642623 0.009645046276276485
9 49 0.7139479696904747 0.06351018323053369 -0.21721725669168895 0.0007095564008551068 0.0002787893483216295
10 13 0.18981210806041487 -0.46264130679604865 -0.3055050856601106 0.000718496764848045 3.916930760261992e-06
10 22 -0.02309577007812714 0.48009572475586576 0.3238329612548682 0.00012016136778217749 0.00028989033979728477
10 24 0.022059756274183658 0.4573769070843506 -0.5079072596097755 5.92512885719063e-05 0.0001416146272866236
10 25 -0.4826140110843519 0.6963612214527304 -0.10918541100688865 3.0778935772095514e-06 3.126805872627044e-06
10 26 0.23121145316816807 0.19359076384867044 0.5092590530541586 0.00010944557436630818 0.00046866396216903826
10 30 -0.4980525799677759 0.109106476843491 0.24514046285656696 6.268522184438691e-05 0.0006157201653042384
10 38 -0.14075393485900395 -0.2908612223792244 0.29579340625358014 0.010615703946031022 0.0003404009079945425
10 42 -0.23233291661410882 0.17455411907394736 -0.5769154261973248 0.0006511897329039552 0.00011421440503828842
10 43 -0.594327218961349 -0.009827456847759855 -0.27388479472433835 0.002533184265040749 0.0013302165259351114
11 17 -0.12059681503595754 -0.5358931672784979 0.24456145110474223 0.00010878477225088822 0.00017458746267902457
11 23 -0.5044112768416024 -0.0007353624536414657 0.4885476746678874 0.00022515859522029462 6.2321923411018035e-06
11 24 0.6148591835644057 -0.14526727979756196 0.3786411391101261 3.184592516610112e-06 4.1926290712770064e-05
11 40 0.09373393825075725 0.1166837443644858 0.4301550754971967 0.025034852782350313 0.0022580779476523137
11 41 0.6489572723337163 -0.40144690462314475 -0.22217731805717925 0.0002014340184169649 2.146578908944734e-05
11 42 0.36046651067611324 -0.42809006780796516 0.3096329725225767 0.00014443507531883103 5.220205100671389e-05
12 15 0.6796408208038006 -0.2017044342722907 0.24418961024059707 1.101453455279506e-05 3.5281701688235674e-07
12 21 0.4759084383851112 0.35222053073602794 0.34184514051090287 3.789249829297839e-07 4.193965628886359e-05
12 29 -0.04019598069060432 0.26094485353178115 0.7809809778979393 5.40308576487897e-06 2.8402213479283006e-06
12 32 0.0006215024973077877 0.3350968362928411 -0.3312925362606219 0.0016052142323360252 0.0011257113702409225
12 46 0.36014701365263724 0.31514943061605805 -0.06579332155499829 0.004375125912655922 0.00033477643248393176
12 47 -0.23273776886517364 0.6447274841047862 0.38619720732410817 9.414045851128137e-05 3.369045752706655e-05
12 48 0.7497920640678619 -0.15792828611453671 -0.3144967442171891 6.460323860160327e-05 7.436610883218203e-06
13 14 -0.13248187747695842 -0.40682908831354625 -0.3530295039604705 0.0021827478750741564 0.010796942833371004
13 18 -0.0763134011758333 0.13517077022054572 -0.8579222410419809 7.564848803806918e-06 5.41004277144154e-06
13 27 -0.24688495458653972 -0.5153352908899507 0.6564805148876142 5.263798047764845e-06 9.517660191266868e-07
13 38 -0.3305660429194188 0.17178008441682424 0.6012984919136908 0.00010406149844286666 0.00011592277638348057
13 42 -0.4221450246745237 0.637195425869996 -0.2714103405372143 4.993755107038504e-07 2.2613740144896096e-08
13 43 -0.7841393270217638 0.4528138499482888 0.03162029093577226 1.2971244074060572e-05 1.1896317369595822e-06
13 45 -0.3530296139024415 0.23010514839949484 -0.6201282697823209 2.0054256673682212e-06 2.338503312673483e-10
14 15 -0.7732745801864144 -0.12233164463147907 0.3824084903374117 3.1875363620965296e-07 1.7325206151443055e-06
14 18 0.05616847630112512 0.5419998585340919 -0.5048927370815103 6.833730501273222e-07 1.8040275756544576e-07
14 35 -0.2408844239075251 0.036737559233339816 -0.24911699017301475 0.005235904026047909 0.014111407201810198
14 37 0.17495431977183068 0.17064901159998283 -0.6103037625998503 0.001307893731090011 0.000879270223639755
14 45 -0.22054773642548303 0.6369342367130411 -0.26709876582185044 0.00016472322922774985 6.220469598560252e-06
15 21 -0.20373238241868938 0.5539249650083187 0.09765553027030582 6.912404413328178e-05 0.0004180641712048687
15 27 0.6588715030768331 0.013825442055074636 0.6271015285106729 7.319578771882846e-08 6.135622732428544e-08
15 46 -0.31949380715116327 0.5168538648883487 -0.3099829317955954 0.000918186432908978 0.0003666729842079195
15 48 0.0701512432640613 0.043776148157753984 -0.5586863544577861 0.0016067779547305114 0.0007666386503124556
16 28 0.359216886162822 0.3617481291275664 0.33348061490419506 0.0013502151359716364 0.0016017056441062793
16 32 0.10565321448144593 -0.05351318871605698 0.3390344246134748 0.01652485768256976 0.011368664500604773
16 44 -0.18605259736101576 0.6470442342855945 0.21428318969867557 0.0001555012649714211 7.841712250728885e-05
17 21 -0.20628048969546772 -0.50462809433617 0.4635163786022957 2.7658138589313232e-06 2.3688826029184158e-05
17 23 -0.3838144618056448 0.5351578048248564 0.2439862235631452 1.5490603997374928e-05 4.95856884102344e-05
17 28 -0.4280037539018951 -0.10649047093573347 -0.21517510787850883 0.0005527774064981544 0.0005818168019735523
17 31 -0.4474393359185061 -0.1357981490271198 0.7722805762492725 8.40269983263679e-06 4.004539827833717e-07
17 36 0.07592360877275779 -0.5143786228900099 -0.44302144677388333 0.00015151380923587269 0.00013533353680640484
17 40 0.2143307532867148 0.6525769116429837 0.1855936243924545 0.0005677978342475047 0.00018944205596082393
17 42 0.4810633257120708 0.10780309947053275 0.06507152141783447 0.002186562819154991 0.002272381012344607
17 43 0.11906902336483062 -0.07657847645117447 0.368102152890821 0.01905919719013621 0.012737501926989232
17 45 0.5501787364841529 -0.29928717799996846 -0.2836464078272722 0.0010817640866153154 0.000808875724103804
17 46 -0.32204191442794167 -0.5416991944561398 0.055877916536394553 0.0023693060611606367 0.0021384591821127083
18 35 -0.2970529002086502 -0.5052622993007522 0.2557757469084956 0.0001691410750850719 5.6167392126754325e-05
18 36 -0.7509713404380034 -0.12015706671109239 0.07841893231304879 0.0004011883790727782 0.00010185943935535699
18 37 0.11878584347070556 -0.37135084693410914 -0.10541102551833996 0.03464931665823181 0.00595956805646166
18 41 -0.057340861841087415 0.5286678188342707 0.05470160992501064 0.00426928348948074 0.0021258063115397684
18 45 -0.2767162127266082 0.09493437817894912 0.2377939712596599 0.002354171771306662 0.02489375800773614
18 49 -0.383790943817827 -0.6526974639750114 -0.11868315724397471 6.60117578692e-05 2.597734877244618e-05
19 21 -0.09034383296697272 -0.4710494668855618 -0.4746118172640902 0.00018936718828598093 5.086410673213878e-05
19 23 -0.2678778050771498 0.5687364322754646 -0.6941419723032407 6.981680494705805e-06 2.1444630962073244e-06
19 25 0.34671888797032263 0.6631888292999238 -0.40532665925811523 5.321879227876819e-06 1.4931218081612305e-05
19 30 0.3312803190868987 0.0759340846906845 -0.051000785394659624 0.014058831634785095 0.030699127590700644
19 31 -0.3315026791900111 -0.10221952157651168 -0.16584761961711347 0.033200290123409366 0.0282036294459318
19 33 -0.44946566386377235 0.4809985440178083 -0.3165194008451465 1.2454083171186343e-05 5.190267443724586e-06
19 34 -0.43657956550731863 0.3892690470383246 0.2090629200800987 0.0022735719528402354 0.0015907123032842317
19 38 0.6885789641956707 -0.32403361453203094 -0.00034784199764643334 8.288883240127262e-06 1.2020756673066338e-07
19 39 -0.0982304865003999 0.6029884400449366 0.006675836516587931 1.8812454185313388e-05 1.6162735655955192e-05
19 43 0.23500568009332565 -0.042999849000566345 -0.5700260429755649 0.0003880134621810443 0.000678990162842532
20 29 0.10299122125297173 -0.7171050970091613 -0.23624596947506551 0.00042782982869238 0.0001108653985447469
20 31 0.3779367941056489 -0.25699947449586424 -0.36661760921512526 0.0028111967178216755 0.0013071358261491225
20 33 0.2599738094318875 0.3262185910984557 -0.5172893904431584 0.00040713019463804175 0.0005829442755475109
20 34 0.27285990778834135 0.23448909411897204 0.008292930482086907 0.06208673172796938 0.01791741528135347
20 47 -0.08955056692159756 -0.3333224664361562 -0.6310297400488967 0.000433918384985904 5.0581691071301396e-05
21 28 -0.22172326420642735 0.3981376234004365 -0.6786914864808046 2.5741973896304367e-05 5.73695377105564e-06
21 29 -0.5161044190757156 -0.09127567720424679 0.43913583738703643 0.001062680595316123 0.00012849955028076384
21 31 -0.24115884622303835 0.36882994530905017 0.3087641976469767 0.0008649475664449 0.0009248727925060998
21 43 0.32534951306029836 0.4280496178849955 -0.09541422571147473 0.006876436348752972 0.0021591316509788562
21 46 -0.11576142473247393 -0.03707110011996985 -0.4076384620659012 0.005017498952213354 0.0016711102346390122
21 47 -0.7086462072502847 0.29250695336875826 0.04435206681320527 2.3031416320176497e-05 8.639972901398774e-07
21 48 0.27388362568275065 -0.5101488168505646 -0.656341884728092 1.1286745849987367e-05 2.273999338560976e-06
22 24 0.0451555263523108 -0.022718817671515207 -0.8317402208646436 2.349093516693212e-07 2.940260004777819e-06
22 25 -0.4595182410062248 0.21626549669686457 -0.4330183722617569 7.787016382971437e-05 3.259378994331259e-05
22 26 0.25430722324629523 -0.28650496090719535 0.1854260917992904 0.013415000463878257 0.007293759816963136
22 30 -0.4749568098896487 -0.3709892479123748 -0.07869249839830125 0.006226044682975356 0.0027302724881474406
23 25 0.6145966930474724 0.09445239702445928 0.2888153130451255 6.82352501252582e-07 0.00012891000563072162
23 28 -0.04418929209625025 -0.6416482757605899 -0.459161331441654 2.3463491214407294e-05 3.086826402280586e-06
23 31 -0.06362487411286125 -0.6709559538519763 0.5282943526861272 1.2045538377348545e-05 2.2107126707571925e-08
23 33 -0.1815878587866226 -0.0877378882576563 0.3776225714580942 0.0011668811889838683 0.0021395053378715297
23 40 0.5981452150923596 0.11741910681812727 -0.05839259917069068 0.0005941357040843807 3.244414392174399e-05
23 43 0.5028834851704754 -0.611736281276031 0.12411592932767582 6.505524385486067e-06 1.089234462070132e-05
24 25 -0.5046737673585356 0.23898431436837977 0.3987218486028868 3.334241958168252e-06 0.0003229549245094756
24 40 -0.5211252453136485 0.26195102416204774 0.05151393638707063 0.0007586620331672906 6.868811085650838e-05
24 41 0.0340980887693105 -0.2561796248255828 -0.6008184571673053 2.8927778172851084e-05 0.00011605696887651481
24 42 -0.2543926728882925 -0.2828227880104032 -0.06900816658754942 0.0004757820198661059 0.012514279736676502
24 45 -0.18527726211621026 -0.6899130654809044 -0.4177260958326561 8.481707280652539e-06 4.026771628529689e-06
25 30 -0.015438568883423943 -0.5872547446092393 0.3543258738634556 0.0006148420729616244 0.00015427589046900083
25 33 -0.796184551834095 -0.1821902852821156 0.08880725841296871 1.0831946248977169e-05 1.692771392322972e-06
25 39 -0.4449493744707225 -0.06020038925498724 0.41200249577470316 0.00029845625159242376 0.0011388460067791191
25 40 -0.01645147795511284 0.022966709793667994 -0.3472079122158162 0.005221390084536089 0.0032204582043857317
25 42 0.25028109447024316 -0.521807102378783 -0.4677300151904362 0.00022664807477780255 2.0848079271689362e-05
25 43 -0.11171320787699701 -0.7061886783004901 -0.1646993837174497 0.0005326614081859847 0.00016672296680589056
26 38 -0.371965388027172 -0.48445198622789487 -0.21346564680057845 0.00016682214670680288 3.6110135545258525e-06
28 32 -0.25356367168137606 -0.41526131784362336 0.005553809709279797 0.014382184209586512 0.009895396381260458
28 36 0.5039273626746529 -0.40788815195427647 -0.22784633889537448 0.0002658062662255707 7.954600023321995e-06
28 44 -0.5452694835238378 0.28529610515802817 -0.11919742520551949 0.001331981633568671 5.431192888119686e-05
28 46 0.10596183947395342 -0.43520872352040635 0.27105302441490337 0.0033792052089138443 0.0006542770304392901
29 31 0.2749455728526771 0.46010562251329695 -0.13037163974005972 0.01027726321648582 0.0037921595670409093
29 47 -0.19254178817456932 0.383782630573005 -0.3947837705738312 0.0011930940025211996 0.0004579316647919029
30 38 0.35729864510877196 -0.3999676992227154 0.05065294339701319 0.012490306883019449 0.004850470024140166
30 39 -0.4295108055872986 0.5270543553542522 0.057676621911247554 0.0006072562146772789 5.619563492798489e-05
30 42 0.2657196633536671 0.06544764223045638 -0.8220558890538918 1.8923244871150007e-05 4.525509202173774e-07
30 43 -0.09627463899357307 -0.11893393369125084 -0.5190252575809053 0.0032557204889196926 0.00044151918066745113
31 33 -0.11796298467376136 0.58321806559432 -0.15067178122803307 0.0017440985147573079 2.687011251811716e-05
31 34 -0.10507688631730755 0.4914885686148363 0.37491053969721216 0.00032963876539592567 4.82880531743087e-05
31 39 0.23327219268961116 0.7052079616214483 0.1725234561337014 6.830199448426479e-05 1.821540280537313e-06
31 43 0.5665083592833368 0.059219672575945334 -0.40417842335845144 0.00016141053843079882 1.523687077167885e-05
31 46 0.1253974214905644 -0.40590104542902 -0.7164026597128779 3.161474505045292e-05 1.1458983088081161e-06
31 47 -0.4674873610272464 -0.07632299194029193 -0.26441213083377146 0.010332913150415847 0.0033569383274015003
32 36 0.7574910343560289 0.007373165889346866 -0.23340014860465427 1.3425396958484119e-05 1.746337698765509e-07
32 44 -0.2917058118424617 0.7005574230016515 -0.12475123491479928 6.246989537011244e-05 2.777240979120164e-06
32 46 0.35952551115532944 -0.019947405676783003 0.2654992147056236 0.025531840429960415 0.02086775368417773
32 47 -0.2333592713624814 0.3096306478119451 0.71748974358473 2.3429857445333067e-05 9.155976240334189e-07
33 34 0.012886098356453803 -0.09172949697948365 0.5255823209252453 0.0021559006526595207 0.0010121860690943884
33 39 0.3512351773633725 0.12198989602712834 0.32319523736173444 0.018316631466458084 0.013523932348988382
33 40 0.7797330738789822 0.20515699507578355 -0.4360151706287849 1.4434711608385817e-06 1.572361676451318e-08
33 43 0.684471343957098 -0.5239983930183746 -0.2535066421304184 1.9044566158262163e-06 2.2785285448841634e-08
33 47 -0.3495243763534851 -0.6595410575346119 -0.1137403496057384 6.136254583582546e-05 6.3227853554031514e-06
34 39 0.33834907900691874 0.213719393006612 -0.20238708356351076 0.011967953178406838 0.011125532370454626
35 36 -0.4539184402293531 0.3851052325896598 -0.17735681459544678 0.0007989910934408697 0.00031254656613059756
35 37 0.4158387436793558 0.133911452366643 -0.3611867724268355 0.0013196882370658989 0.0006292822762339416
35 45 0.02033668748204206 0.6001966774797013 -0.01798177564883566 0.0018864989905486877 6.837523762474042e-05
35 48 -0.462238913014828 -0.1152930557070649 0.0728391260526403 0.029779253568033816 0.01987139973158966
35 49 -0.0867380436091768 -0.1474351646742593 -0.3744589041524703 0.022473264659172206 0.03689271779941765
36 45 0.4742551277113952 0.2150914448900415 0.15937503894661112 0.006458039771340653 0.0008749723175014742
36 46 -0.39796552320069944 -0.02732057156612987 0.49889936331027784 0.0005441222744178054 7.599983179065917e-05
36 48 -0.008320472785474861 -0.5003982882967246 0.2501959406480871 0.005318346906071432 0.0012800791154900914
36 49 0.3671803966201763 -0.5325403972639191 -0.19710208955702352 0.0010943553592053742 8.86431758934026e-05
37 49 -0.5025767872885326 -0.2813466170409023 -0.013272131725634764 0.0006569501871180279 0.00017421716223821066
38 43 -0.45357328410234504 0.2810337655314646 -0.5696782009779184 7.92083636051624e-06 6.99453574002015e-07
40 42 0.266732572425356 -0.544773812172451 -0.12052210297462004 0.0010404548251295332 2.9974596086871877e-05
40 43 -0.09526172992188417 -0.7291553880941581 0.1825085284983665 0.00013722094364195932 8.404572524397607e-06
41 42 -0.28849076165760296 -0.026643163184820417 0.5318102905797559 0.002292416623653932 0.0005091935938378853
41 45 -0.21937535088552074 -0.4337334406553216 0.18309236133464926 0.0036910281727542474 0.0006187586223949741
42 43 -0.36199430234724017 -0.1843815759217072 0.30303063147298653 0.015892925514316463 0.006908914598851389
42 45 0.06911541077208222 -0.4070902774705012 -0.34871792924510664 0.002920887975704581 0.0005385151232804704
45 48 -0.48257560049687004 -0.7154897331867661 0.09082090170147596 3.5303279588588748e-06 4.388165163798827e-08
45 49 -0.10707473109121886 -0.7476318421539605 -0.35647712850363467 2.35197530615261e-05 1.1586076820939496e-06
46 47 -0.5928847825178108 0.3295780534887281 0.45199052887910646 1.4767998987236954e-05 8.457860367154084e-08
46 48 0.38964505041522457 -0.47307771673059484 -0.24870342266219078 0.0009004579273008353 9.685220243939294e-05
48 49 0.3755008694056512 -0.03214210896719439 -0.4472980302051106 0.00017048250317774525 3.3463195460141326e-05
