0 1 0.3574277098081016 0.25447338539244 -0.5022699429197278 5.439520047477578e-06 0.0011487579943998854
0 4 -0.00841809353546711 -0.5100499386744044 -0.7144687821817588 6.7861029837491e-06 4.2978938931616033e-07
0 5 0.77880254652925 -0.04181133861110453 -0.16581305939905494 3.951496942851295e-07 1.1247117535299894e-05
0 6 0.39498808472360514 0.49334646621375194 0.07817316416409023 0.0018136854314803486 1.381853772976837e-07
0 7 0.35079879262735486 -0.148301809546838 -0.3809881672775638 0.0007844480868559471 9.843700217170046e-06
0 8 0.09723512094597883 -0.5635631273904613 -0.37543435756828397 0.0003945156242191673 0.00010230642295156316
0 9 -0.1944706908964829 0.13699429561119017 -0.5001855924830833 0.0018024546868126584 0.00023964079501422457
0 10 0.45676063210130835 -0.5835105330672443 -0.1099351428626604 5.005455850752705e-05 9.097330456627692e-06
1 4 -0.36584580334356875 -0.7645233240668444 -0.21219883926203098 5.125948852721859e-06 5.978055917977669e-07
1 5 0.42137483672114834 -0.29628472400354455 0.33645688352067293 0.001184944498132042 8.171571447283038e-06
1 6 0.0375603749155035 0.2388730808213119 0.5804431070838181 1.7441903932935933e-05 0.00013367023144250656
1 7 -0.006628917180746754 -0.40277519493927805 0.1212817756421641 0.007900316219672403 0.008876278740170001
1 9 -0.5518984007045845 -0.11747908978124987 0.0020843504366445972 0.0007640951057967475 0.00037942198355570374
2 3 -0.41134496378303836 0.2535805783122648 0.5445775177306107 4.0200765441952824e-05 3.9009072293524163e-07
2 4 -0.5163766757671765 0.6421906033211627 -0.12574944314348602 2.296676977781004e-05 4.7754520545457715e-05
2 8 -0.41072346128573056 0.5886774146051057 0.21328498146998887 1.4091527926764568e-05 1.9951690328613066e-06
2 10 -0.051197950130401126 0.5687300089283219 0.4787841961756124 0.0007506065777603322 0.0002899908029184509
3 8 0.0006215024973077877 0.3350968362928411 -0.3312925362606219 0.0016052142323360252 0.0011257113702409225
3 10 0.36014701365263724 0.31514943061605805 -0.06579332155499829 0.004375125912655922 0.00033477643248393176
4 7 0.359216886162822 0.3617481291275664 0.33348061490419506 0.0013502151359716364 0.0016017056441062793
4 8 0.10565321448144593 -0.05351318871605698 0.3390344246134748 0.01652485768256976 0.011368664500604773
4 9 -0.18605259736101576 0.6470442342855945 0.21428318969867557 0.0001555012649714211 7.841712250728885e-05
5 6 -0.3838144618056448 0.5351578048248564 0.2439862235631452 1.5490603997374928e-05 4.95856884102344e-05
5 7 -0.4280037539018951 -0.10649047093573347 -0.21517510787850883 0.0005527774064981544 0.0005818168019735523
5 10 -0.32204191442794167 -0.5416991944561398 0.055877916536394553 0.0023693060611606367 0.0021384591821127083
6 7 -0.04418929209625025 -0.6416482757605899 -0.459161331441654 2.3463491214407294e-05 3.086826402280586e-06
7 8 -0.25356367168137606 -0.41526131784362336 0.005553809709279797 0.014382184209586512 0.009895396381260458
7 9 -0.5452694835238378 0.28529610515802817 -0.11919742520551949 0.001331981633568671 5.431192888119686e-05
7 10 0.10596183947395342 -0.43520872352040635 0.27105302441490337 0.0033792052089138443 0.0006542770304392901
8 9 -0.2917058118424617 0.7005574230016515 -0.12475123491479928 6.246989537011244e-05 2.777240979120164e-06
8 10 0.35952551115532944 -0.019947405676783003 0.2654992147056236 0.025531840429960415 0.02086775368417773
