0.20685661879512354 1.3715461657485826 0.8627034033138476 -3.306339517776583 -10.60391837882479 4.64081222911368 J3RZ
0.564282740325764 1.6260184530278057 0.36043595580703996 -3.545151117776574 -10.952533978824807 4.63267522911369 J3RZ
0.7148127513802495 0.21931160221339674 0.27398729280646533 -3.6389489177765784 -11.051494978824795 4.6668253291136805 J3RZ
0.3034699889455145 0.4728909392253116 0.8185617458592521 -3.5059621177765807 -10.968955978824798 4.631362829113686 J3RZ
0.198438828724175 0.861498850833146 0.1482385856191761 -3.6464421177765773 -11.067336178824807 4.656089929113693 J3RZ
0.9856552265232709 1.3297351381186142 0.6968912265170253 -3.528060317776583 -10.8951462788248 4.626260729113684 J3RZ
0.6018427624347349 1.864890077350171 0.9408762209897824 -3.55775111777658 -10.953883278824808 4.640791829113684 J3RZ
0.5576537624497531 1.2232451801213615 0.48171719538110974 -0.23394834045951374 -9.294528397132813 7.174064768835655 GGZZ
0.30409141767160824 0.8079860076298745 0.4872709885551887 0.1499794595404813 -9.108362197132811 7.247079368835663 GGZZ
0.012387126507412248 1.5085398008039532 0.3625203676677677 0.10655705954048411 -8.905659097132803 7.190075468835665 GGZZ
0.6636150497990119 0.7880387126507414 0.7527688122487648 0.16520715954049248 -8.955950097132819 7.19812556883567 GGZZ
