12.22674690 8.74102636 36.78360298
63.22040518 29.13315353 49.20610973
11.49254543 15.32005754 18.88085376
7.23052550 22.23342209 32.96147277
59.03281353 30.06312466 31.53867783
23.18662504 63.28003439 0.49767393
55.99445857 47.83430113 47.02480819
47.27223085 35.56509607 61.35501309
37.09267272 21.79727340 22.31976283
13.03869646 57.35530005 65.35766803
30.94511842 13.28598277 58.21281899
64.53042296 59.50839374 15.54829359
17.47658368 57.60492948 42.91262213
15.26535823 33.90119058 39.03467076
65.16511898 67.24136337 10.53862840
12.40424753 16.79867563 50.93733325
42.19568420 53.41369490 42.28471243
67.43752298 67.61439834 39.12456242
28.95252498 30.86221668 61.59116284
52.51067190 11.60887644 33.82989099
37.70332098 50.21639310 49.45275474
6.90714076 60.62855629 36.03616657
43.09596595 36.14874289 30.13262579
29.47610627 10.29563098 1.54674173
6.48678461 24.93999779 22.57967481
60.29762160 51.40188779 61.60320155
12.68692383 49.88364446 7.00748947
33.33653677 3.16226638 2.95916615
13.75027818 24.41179528 37.35863731
56.87678882 61.34240435 34.68113668
29.93969910 29.72399406 29.24866223
64.20258808 66.64211014 54.85790518
4.64411570 28.90202366 14.10327019
43.64273347 31.37887169 37.14925275
4.27861851 21.34920610 9.29107904
39.23330481 43.80643266 39.42377065
38.77387635 2.53328443 49.84837587
43.87437024 31.56353598 11.41220543
24.09521332 36.49629635 65.61291120
0.45019550 15.53194866 49.87113044
46.42221542 2.93171865 21.10744850
31.59038531 16.96251680 2.30971099
58.61599191 15.99322847 12.08495884
20.46955811 28.22216425 56.76115691
15.51801919 18.00788230 11.05663414
19.33779762 42.44406469 26.74216826
31.13797380 46.80091971 62.93511691
38.47295554 2.84833066 9.63078030
52.38661380 32.57829143 65.66752546
54.68836124 9.06736100 62.01005761
24.12035261 26.05105455 23.84851024
5.90132670 11.87753850 26.35570139
49.41779163 52.70156648 16.03811685
51.50715669 6.19313218 28.62979455
31.42846294 58.22265659 32.73042169
22.38086141 4.34199837 2.12642666
42.82809522 59.39613936 31.94622772
21.84664538 26.81782427 0.08769949
66.62846156 18.89699176 30.00728855
25.59352769 53.99608915 40.46724690
3.14001535 44.50167163 12.44128531
20.18703103 51.28381130 18.14884478
14.27701796 52.23891169 50.62462778
49.14111454 58.39732342 56.57771104
30.95385136 21.11935373 18.02036025
14.45385209 3.30711527 19.60174722
2.48425948 61.94739801 43.40572925
33.15678840 50.89461125 37.27582831
32.06740227 48.21315116 45.47749924
65.33714857 62.08518613 47.08651955
38.21920929 8.38583745 58.30815346
5.70656228 52.17675503 15.69367234
30.76639045 42.17046374 40.99104119
65.76874771 20.64707050 16.79821096
51.39875213 1.12973370 36.33051541
7.00466638 4.36183648 28.54982378
1.59878236 43.70169762 49.66443468
4.38448772 6.93923260 38.72316351
1.04893950 53.60540509 29.17715740
50.73768080 4.82683706 49.50164863
67.64179159 22.18498457 62.63932617
6.02938004 34.10184096 19.21629361
21.88771376 24.42432626 10.44106955
28.53384855 46.75635063 27.35684544
34.32487281 43.73353028 55.21468848
22.72559211 39.63292834 42.81426285
30.04362878 6.70922763 51.29574181
3.48696196 52.42021191 6.62468256
51.27075963 55.58202501 4.23656549
20.37558505 56.74696847 12.69416785
18.53032692 45.96492660 60.76427934
22.74097065 16.39691489 26.77986237
1.25259607 46.12713982 4.31940483
56.61733891 30.90560187 54.59460343
20.82783492 40.54759003 7.34492739
37.28672380 67.07347993 31.16532483
5.56428619 24.22555994 41.99899967
21.42212501 59.08329310 51.03803611
67.32136178 35.60617438 53.07055021
1.38698996 3.97844643 57.42821669
1.02707746 15.99836388 37.62477489
43.79996954 9.62978948 43.38579872
27.83245271 31.18919992 45.51755429
45.57445763 47.64841112 35.67797612
60.11772570 55.02993477 44.60854380
45.19390961 40.78181688 11.83229483
22.16949954 64.02678052 59.95007947
50.57666837 57.27923797 10.72138813
60.57700443 50.35217764 31.55024222
13.10739768 27.41968469 16.23007525
18.81619864 21.10347922 18.39341849
9.22488317 40.68823836 28.72452490
37.03554589 58.82841314 37.82484709
22.82654853 14.89282200 62.17843323
11.94999346 8.87592945 65.66813220
63.26667351 57.01496523 1.67591547
1.57956215 14.22680741 13.11253040
65.60756770 24.08951297 41.22704188
24.91855528 15.88132459 12.15857989
58.61439534 37.96231550 49.80644749
44.48675494 51.04332193 64.59785731
19.79953423 34.21341747 47.59611894
55.68966512 38.64528554 4.29155275
52.72855595 61.64018879 27.60888861
51.22151493 18.90544445 53.76327275
65.10873205 39.11653796 39.14394707
54.63516794 39.60096585 11.59758228
31.18124527 37.83142993 7.95404378
13.83554423 52.13720548 15.30410945
5.77596588 29.84739532 49.43694081
27.53851064 57.64459878 6.69882599
30.39779505 25.42635768 38.70809654
23.24515259 48.47101677 8.52987128
66.45356810 37.33584799 1.76338981
59.80023140 61.65737917 52.02102459
52.27230966 7.07872843 0.46242150
30.33067932 27.24008019 7.12789905
39.23041494 42.38688792 48.96410340
9.66833938 9.66977268 12.80858039
10.20316992 57.25541764 45.99875739
53.37432558 49.79380772 24.95966344
14.58345143 48.23227209 38.66342541
4.42601685 2.12479882 14.62774137
4.57187878 57.93670354 55.68587193
25.82710972 43.49964140 12.43059344
51.39002689 24.54997509 32.65374898
61.44976721 5.23668672 60.46488734
24.83833387 15.51831231 20.29956993
51.36348172 15.84510711 17.64926791
11.75932458 41.91526574 19.66862958
27.50345635 7.73451480 8.57685573
23.64150132 63.20667251 13.32752794
22.72926827 3.78696617 50.63730901
40.36567108 23.70819669 31.16752126
53.32628626 24.73498392 15.60695416
28.51150612 38.09737917 21.52704461
60.80710513 65.08327637 25.19145537
55.84756946 20.40561830 59.39939666
30.04964013 14.74807810 49.97272271
59.80788122 63.82551182 60.68651175
47.72754501 14.69043800 26.83815035
54.75176275 19.53842457 7.45407189
8.07946856 37.11619467 63.42686313
12.31087462 16.28240049 32.69152321
21.21414548 18.17743019 36.62707035
45.22605997 2.55918056 1.81736806
13.32449079 26.55033892 28.98703652
6.19935699 53.53975672 36.97762351
15.59514719 20.53780808 25.27864306
17.67124633 50.29905825 1.92469094
42.27663521 9.47804899 15.37260164
10.71333025 59.60346310 8.06882804
43.06233911 23.21563725 40.28714541
8.22995659 5.69844888 5.63742628
48.97863027 48.47342285 44.74764587
38.35300083 39.67518967 12.19700805
34.93611549 45.34023107 7.72600104
67.75268327 41.80802662 21.96911007
60.94775698 40.42159762 32.65942968
37.15343429 50.79549854 29.07492277
59.45536246 45.53215185 17.47408279
45.72246405 37.31211277 54.20854765
28.11943813 28.72797553 17.12394952
8.11493449 25.43955097 61.03014221
58.94514953 3.39928795 19.56320427
52.50231547 43.29877088 38.31402889
13.56468663 62.16121490 55.58138623
24.11322568 18.95502343 3.59969406
65.70533165 15.93576710 2.92384644
3.18122101 67.74569251 2.54752208
17.35011656 3.10053831 31.34255615
42.44865013 23.52809933 51.98622940
66.08988908 51.81388211 20.42908950
7.69793089 3.24820435 51.24081384
39.42349629 4.81270684 64.67297154
21.56822883 55.89941660 65.53090342
28.58064684 31.62205618 53.18937857
50.44702909 34.00183882 6.30276119
37.12919395 23.60847575 2.04674769
36.54158153 20.87516174 38.14912448
44.58104888 30.91660154 47.77953705
16.17144205 6.03789925 45.36788032
46.69989993 2.70448902 54.04557741
25.21948851 47.87694077 37.22928153
44.81718929 16.63752025 34.17367003
11.75458725 53.15849831 22.51231791
34.07338551 13.90165441 20.74457203
17.29790757 43.85041515 35.47118625
14.57151517 28.48266437 3.02997480
52.25642814 46.52800649 13.85903466
53.57276969 12.13533424 53.59031121
48.24150090 66.47074199 64.83271763
52.73401956 65.38706755 49.69184843
45.68660084 12.72261218 2.79939059
12.08987566 30.87788223 56.70997973
6.02562461 46.56416767 23.55304597
43.04536107 33.66546341 2.51256028
39.34833449 12.22238332 67.59310221
0.28374230 58.58149142 64.50124552
14.64338981 35.06277721 64.53606289
58.24115538 54.08232143 16.99770041
51.10058982 16.32179907 40.84764134
61.35538370 14.33501629 60.12005667
61.01528513 20.85222641 3.11246072
51.53321827 25.29643557 50.02861133
66.85537849 35.34709046 45.48127015
57.61872163 62.45501595 9.73346106
12.73761686 25.36487583 9.03760535
0.29783943 9.30719589 31.58276551
28.35854030 8.00768312 32.68391959
21.99788782 61.26053328 31.01004198
31.85139047 22.22070008 46.27261412
56.42237629 55.34740546 25.87734124
35.88370792 40.26666654 1.51101538
40.34183326 8.46102134 35.87248241
15.74916139 35.57881642 30.90252185
29.82903474 0.84384196 21.20581780
16.56527465 23.44751953 59.26368781
25.29896637 22.66943492 62.26833814
58.26539373 29.68389842 8.33089239
46.79799189 38.13518953 20.23816760
31.40965207 66.40705321 8.13407890
8.36489551 42.35312631 5.18330230
66.18064244 32.99727913 23.99099123
13.82755517 48.22325112 26.88495692
18.13789884 67.15149801 7.77457979
7.83084355 33.49291472 28.98632397
25.84710199 65.06201133 45.83685741
36.73659297 44.20722251 22.53011194
15.77969474 34.93462449 5.55191435
46.08092776 38.95364037 41.71479080
66.05924988 34.05620717 13.67660301
36.32734106 15.34030574 34.62090585
55.27953468 15.71609649 66.31125343
63.50040152 7.89478769 13.61303104
13.91365836 17.57920740 64.38841713
33.44323468 18.40826494 29.67936288
56.74065556 52.83616628 7.18583478
13.07950330 54.18019132 59.37884185
18.34539361 8.05594189 14.47207004
67.55262064 28.71700121 1.12082085
65.41620668 13.97184022 22.59138607
59.96805017 4.32358923 34.84448166
46.65062988 50.75887673 52.09419558
67.38374347 24.88569239 24.61991910
17.11828100 15.11963105 3.87668722
21.99970164 43.00215839 19.71941387
20.70536893 11.48836375 31.36815435
19.99988780 3.41507737 39.32636591
62.74085273 9.04613747 2.71325809
27.08686261 66.38066077 54.75115883
19.07899916 35.87312444 13.04316614
25.61819003 42.25288056 58.42310189
33.94820115 8.34297630 12.36599085
31.32677396 35.21071911 39.20086971
60.79766480 11.64294967 39.97828461
16.92460011 58.66063341 5.20073162
4.97931854 64.80866067 53.15253920
1.50937548 66.02800738 27.04122661
38.21364589 10.10539053 49.34881945
54.85961626 35.14952558 29.62507253
5.65226561 49.21810994 44.82127172
25.66530230 38.81847778 32.27798877
41.99050859 27.28701846 64.70878152
32.09740574 19.92170501 11.30143026
7.06102159 2.22380099 61.78459841
21.28827518 26.89443121 46.54434538
6.01548223 21.04661612 53.99813571
32.37474481 57.68784684 56.59594782
7.09167512 48.07251581 63.50038563
28.38900853 52.46692491 60.59304364
49.12871128 27.37742638 57.65987773
18.54578562 4.78397888 63.14989251
51.29520627 24.02009401 66.69608766
11.81069422 67.18888112 3.31887108
51.74790635 6.12138352 18.07456872
19.42447412 40.58350521 54.20041651
11.78110378 17.42733950 42.22919973
23.33335425 52.09634773 30.67294310
3.65258699 51.08102736 57.10796173
53.80026155 32.92057205 45.34821348
64.64925900 44.27035015 27.60769301
27.22270209 52.96893346 52.01332743
32.01703007 38.33065658 27.56340669
67.28294686 11.86852956 58.74201737
61.37357211 3.31517627 42.19462535
42.27255329 16.77398648 14.85232889
29.51432693 4.91764491 62.01495635
13.17103326 65.35943847 63.24856605
62.14790575 23.67221235 57.77831937
38.58671948 34.18662038 42.58784000
48.16191166 65.15800173 42.56632217
2.45570014 38.49671444 31.92216635
35.53970551 5.95951519 20.35264739
43.10310218 53.26545360 17.36694222
50.23815185 33.26555367 15.91502456
47.33478468 57.88023178 41.99152333
17.63310484 8.51705682 6.37904712
58.96994069 12.21732215 47.39049775
37.91777297 51.95313812 58.37938790
12.58840447 25.85475537 48.44488346
47.24912348 61.62982463 19.03967994
47.77247591 65.33413018 27.80112826
3.40429454 29.17417255 32.53736173
41.99994299 43.53970331 56.73982736
1.85425826 40.47192673 61.46578286
10.81702882 33.80981828 43.22998743
40.17448027 46.54844054 16.88215228
28.64621025 58.48886933 64.87990877
65.48931754 63.25144039 3.56698704
21.10089324 49.06061733 45.64752171
46.93857509 44.56588606 26.87771372
10.08040751 45.44599143 55.65353944
26.01267695 52.47268014 23.98071964
38.50176820 57.44148517 50.49875717
57.14223942 12.39362246 22.21098416
64.73682467 38.51564175 7.69509427
33.57409816 61.26508526 14.05591541
33.47755075 66.01689952 61.61285634
49.88756099 25.67280712 7.60932212
63.34243080 1.24238030 66.55011370
64.07704509 51.28909778 10.56254938
55.82355444 57.37952726 60.72373086
36.77557255 65.21882616 44.14096147
33.90862708 32.53471345 15.24237031
60.37253902 5.30344553 28.35318562
0.62066927 5.72783841 46.38320103
37.74850839 14.25289559 7.65469223
22.70033285 8.05086709 59.04308561
47.06745890 7.18238028 9.83122671
36.69239612 33.75348161 32.83403790
59.17593302 43.39548636 43.24325360
29.02345419 0.42863678 36.32417695
37.54784134 57.09591559 5.02368653
5.92655033 16.23856115 61.30705447
63.55420093 20.68332204 49.52616472
12.67310635 9.12684581 56.81871677
24.52885858 43.56971620 67.69377013
53.25461451 25.90689728 23.77980672
65.82085640 32.44698899 62.44808208
18.70314204 17.72256717 44.02176101
53.94313183 44.46459832 29.86593680
6.14292971 58.76601326 67.72320557
6.31507652 47.99797488 32.73552845
58.25966967 39.65909596 23.30183319
66.10050913 47.93768909 63.73043390
6.84811086 38.64151791 54.83941297
67.63592517 58.99556434 22.51035213
42.63293430 11.68152503 23.27990670
52.50058934 8.05769973 42.07506024
8.40020005 0.54026745 34.99651099
55.84152828 62.28759149 18.74471374
52.41214336 33.75941787 37.18347994
67.27465143 53.32451977 45.74259100
25.27306196 2.10907395 14.11069195
60.94949954 5.70763351 51.05502948
24.14668749 31.43831363 35.04170002
38.69160637 43.61412098 32.58784468
63.44270840 39.44281784 15.95124828
15.73176465 0.77812122 53.51342818
42.14964353 66.80628051 58.06755562
9.01550287 36.86430666 11.24456119
12.45400598 63.47168043 26.81840846
20.88306015 25.90265847 37.24425307
32.62491285 24.11527068 54.46430891
8.55959773 41.05045382 38.42417851
41.77760334 59.37794104 10.61936130
49.56158373 24.84122685 42.52443877
26.15256910 60.97480331 22.67415649
14.80850435 55.30981046 33.62979133
36.49372367 29.87036455 49.28135284
40.49228138 17.14120807 54.23798321
37.79264552 66.56737097 24.36507597
66.23910316 25.67361240 8.72060748
5.98950667 33.33877676 3.17913672
38.42369184 54.23300851 66.48563189
33.35793631 37.82355303 48.89538172
38.87501706 28.87383432 8.50541373
27.57226025 15.05315550 37.09223075
49.51580403 47.97187299 60.40347316
37.74362131 25.02271657 59.12066684
37.57946683 55.34557079 19.01014404
40.09485916 22.50286563 12.78877701
30.89913571 46.92813420 18.30461318
60.10447121 47.35583246 3.48041360
64.70312971 56.21125495 55.96638928
46.56370942 19.57073694 62.85107430
47.14796218 11.29398135 58.47423560
59.13257373 14.34418615 30.52500480
12.56065456 44.57667441 11.95293999
20.51609648 32.92460214 17.95908208
7.34687098 24.58422211 1.59739725
66.87438925 2.94980121 20.22328797
34.26608535 53.34602466 9.94107384
34.65022601 63.29733132 0.27927886
24.73545916 12.31975806 45.35017258
39.33570373 41.60366732 64.14598421
17.37284682 17.71532922 55.31718622
4.88436191 17.02520433 20.23307082
44.05434105 49.62611090 5.30249899
23.77553425 62.09323276 37.72123658
29.34832619 22.45119095 27.98673995
58.12711105 33.97094000 20.24280201
50.29499982 41.40046369 63.93007562
1.49216654 59.95248967 10.69389113
44.74758890 51.59225045 27.18446882
17.51601480 66.11027703 45.28148099
12.73846814 38.36167091 49.42149378
42.50708222 29.02745688 19.08308612
2.24220453 28.58794810 56.10763024
46.07282374 19.57820038 5.57174338
59.73532455 30.61949628 38.51115824
4.37817413 14.54401513 42.45830005
58.38712784 18.80986420 37.65068419
60.25059519 26.00746584 18.23164991
13.10203523 31.50482686 21.96542102
58.61858498 20.90064336 23.91918619
29.95006759 48.87475994 3.02423932
43.92106982 5.22700124 30.25387049
56.17477653 1.31483008 13.49210662
64.44915721 64.15711068 32.98075706
18.52886618 57.96228915 24.90762263
45.02423149 61.71571095 50.03135076
14.72831873 10.29093558 25.32015068
31.57568978 56.89978183 21.68179280
55.61299673 6.02454739 7.25745303
24.10824166 21.64495659 51.29122504
49.70984947 41.01100357 50.31771159
19.67364686 52.13128250 55.16549871
20.52510628 32.58700700 26.68278149
34.00848744 64.10968213 52.27360594
3.90107213 11.09266579 54.31682489
6.64255367 60.09374877 26.44881650
48.63338302 56.20954007 33.61405191
1.44359008 8.33033551 6.57873842
20.65890442 34.60762741 57.92908562
46.96960353 21.31358032 23.62205859
46.84761144 29.18419288 28.68655935
33.05286769 36.84599557 62.06892364
59.46791453 28.05427446 66.47332036
59.86837267 44.88872519 56.48123110
39.89903705 59.39788593 25.68407611
35.66220700 5.11846905 41.26805061
66.54069642 46.67492929 38.65401718
9.51413496 66.26563248 43.54713253
39.34468730 16.59945138 61.81428017
52.15658793 12.98802814 8.51012342
27.23900473 7.82371050 40.33774491
19.78942576 11.37616666 52.38902258
28.46817242 66.35480621 27.61359904
16.55153255 63.71682179 18.98798863
12.61961190 43.61550056 67.74302953
30.98355869 20.76543614 63.44308223
25.64077390 43.37668107 50.40203856
53.72180803 2.18651512 59.68362989
35.63204328 8.74825480 29.19784033
54.97727653 53.39488110 37.77058828
23.98849997 9.17870757 19.16436490
36.32793959 16.30426322 45.01659464
17.04506092 63.66189338 36.02090246
25.48820968 31.79621007 6.23996004
31.57312898 58.77006495 45.80184823
44.32455742 61.40300850 0.40249412
58.10920234 23.67842248 46.26174925
34.10788898 30.84802395 0.85319840
64.99634062 56.00295309 36.94686379
46.01331131 15.50603418 46.79516490
11.39247880 45.20455199 46.16080148
63.35975852 25.27317131 32.08033551
54.75719222 52.66202491 52.87302759
8.63440058 60.46193243 15.82963063
37.93273180 30.15254552 25.17134662
57.37171349 37.72789796 58.35106747
46.08531668 43.38193634 2.96114998
8.10059417 15.80869032 5.48536467
59.74490565 37.55491424 64.22892200
41.84495138 0.10270236 37.93183811
57.61825212 62.94034747 43.16101665
2.80335265 32.46803288 40.63882789
40.73584151 37.78750138 22.81759132
39.99457800 66.57475427 15.48918234
64.08061790 46.83452726 50.98817698
48.35101683 66.89960264 9.47360605
3.85943591 13.66177319 67.14652342
43.69564912 58.88491729 60.57207803
6.19954882 5.68867655 21.53870137
10.63787103 67.09785260 14.36258561
39.21782888 32.75758680 57.76117119
53.62189449 48.41692944 67.34586297
22.40579629 4.27120969 24.60071829
54.18066308 60.93770778 67.54292856
9.63263088 9.42707881 46.61612172
