1.0772178342576633 0.7401866740363237 1.9492671602150944 -3.862207717776589 -11.297778078824795 4.6290247291136835 J3RZ
0.5968617900459668 0.46804731491543644 1.6593430497264483 -3.3245364177765753 -10.717122978824808 4.6460095291136865 J3RZ
0.20685661879512354 1.3715461657485826 0.8627034033138476 -3.306339517776583 -10.60391837882479 4.64081222911368 J3RZ
0.291969127070374 0.09429401106073097 1.2776096353581154 -3.441840117776583 -10.834602278824793 4.643464129113684 J3RZ
1.329782165742337 0.6562351381186141 1.5359359558070402 -3.612927217776577 -10.946431678824798 4.625463329113688 J3RZ
0.564282740325764 1.6260184530278057 0.36043595580703996 -3.545151117776574 -10.952533978824807 4.63267522911369 J3RZ
1.0061560883984113 0.016281303867196287 1.440348508269005 -3.739987617776582 -11.127134178824793 4.621344629113682 J3RZ
1.300093767955732 0.7033580552536911 0.8266881104948913 -3.573878917776587 -10.928173278824804 4.6387543291136835 J3RZ
1.766204265188988 0.12093825414074795 1.367594917122586 -3.4694988177765866 -10.786617078824793 4.632904629113685 J3RZ
0.7148127513802495 0.21931160221339674 0.27398729280646533 -3.6389489177765784 -11.051494978824795 4.6668253291136805 J3RZ
1.6990478894988634 1.2629844198893303 1.338874784531215 -3.2055021177765797 -10.528930578824802 4.6210351291136815 J3RZ
1.1062515801044246 1.8656255027604987 0.4523312044080542 -3.8576044177765896 -11.291143078824792 4.630468929113678 J3RZ
0.3034699889455145 0.4728909392253116 0.8185617458592521 -3.5059621177765807 -10.968955978824798 4.631362829113686 J3RZ
1.888858917128832 0.8003456353518699 1.0333710497389392 -3.4201235177765783 -10.781473478824797 4.649352329113685 J3RZ
1.7563779447400636 0.39351874031951845 0.6803436243098754 -3.5506203177765814 -10.861723978824802 4.651542429113678 J3RZ
0.9831070497326939 0.2711875359114642 1.0627501436458568 -3.595990417776581 -11.03593387882481 4.634054429113692 J3RZ
0.198438828724175 0.861498850833146 0.1482385856191761 -3.6464421177765773 -11.067336178824807 4.656089929113693 J3RZ
0.9856552265232709 1.3297351381186142 0.6968912265170253 -3.528060317776583 -10.8951462788248 4.626260729113684 J3RZ
1.8125458784568687 0.9355155801106697 0.17545354695970422 -3.248510017776586 -10.551275978824794 4.62655952911368 J3RZ
0.8697192707162308 1.2961566629818384 1.6350144309438162 -3.583672817776578 -10.9013894788248 4.653511629113683 J3RZ
0.16028360220090437 1.4509356685153263 1.8357836022009046 -3.8942726177765836 -11.26430097882481 4.621658129113686 J3RZ
0.7793759336980688 0.8251096353581155 1.1604050828774142 -3.239668417776575 -10.605446978824805 4.648750629113681 J3RZ
1.675952110501137 1.7430776132616357 1.6627062762309828 -3.296289317776588 -10.737060978824804 4.638753629113682 J3RZ
0.6018427624347349 1.864890077350171 0.9408762209897824 -3.55775111777658 -10.953883278824808 4.640791829113684 J3RZ
1.7211073370244074 1.7203589171288316 0.8309702762372283 -3.472725217776575 -10.820970278824806 4.625583329113684 J3RZ
1.2164362430987536 1.9593419005595945 1.2296901215368858 -3.651570417776587 -11.065139078824789 4.610940629113673 J3RZ
1.9302580843382755 1.456574160841847 1.848131218475562 0.5783594595404855 -8.707296197132811 7.207656268835655 GGZZ
1.641975279719385 0.28501290421691383 1.6898484138566716 -0.5324995404595194 -9.122929897132812 7.144436368835662 GGZZ
0.5576537624497531 1.2232451801213615 0.48171719538110974 -0.23394834045951374 -9.294528397132813 7.174064768835655 GGZZ
0.2632740993931946 0.7338344214865455 1.5995387126507419 0.30854485954048183 -8.7275423971328 7.195407068835656 GGZZ
1.200997823693576 1.3720903295183966 1.5840139923701262 0.07446615954049829 -8.957665497132814 7.220980668835671 GGZZ
0.5382182835343218 1.1939376552218557 1.4691677548198792 -0.47336434045950515 -9.21707559713281 7.134663368835667 GGZZ
0.30409141767160824 0.8079860076298745 0.4872709885551887 0.1499794595404813 -9.108362197132811 7.247079368835663 GGZZ
0.420255908031851 1.7771526742965416 1.3184967355403645 -0.08098724045950068 -8.900159597132818 7.15953486883567 GGZZ
0.43314194638605136 1.6854236628517298 1.8440763371482707 -0.39983744045951486 -9.457323097132806 7.190896068835662 GGZZ
1.5154945592339406 0.4302559080318511 0.43122792329159954 -0.5402309404595025 -9.282066597132816 7.152004768835673 GGZZ
1.0615785134546947 0.8153591417671612 0.2538720459840746 0.039674859540489216 -8.979229597132806 7.212628068835662 GGZZ
1.93133115702691 0.5641666666666668 0.07004306526358914 -0.6276428404595089 -9.069136797132805 7.110489968835657 GGZZ
1.5582946206825925 0.9721246895562897 1.634666666666667 -0.2173749404595151 -9.054366697132812 7.161262468835665 GGZZ
0.7714892720895105 1.8991419463860513 1.6416902987940705 -0.15193114045950384 -8.94424799713281 7.11378346883567 GGZZ
1.1999849194766625 1.982308613052718 0.8824838313234504 -0.45374434045950185 -9.382145997132815 7.197697668835665 GGZZ
1.7552053793174083 1.4641806590367927 0.23015485060296495 0.716497159540487 -8.608902297132806 7.213890268835661 GGZZ
1.466716107227898 1.4375376244975295 0.761962375502471 0.21630555954049324 -8.980587797132818 7.220698068835666 GGZZ
1.1047237243003818 1.2531570269093892 1.0649914483959344 -0.28056554045951376 -8.668084697132818 7.071060968835673 GGZZ
0.012387126507412248 1.5085398008039532 0.3625203676677677 0.10655705954048411 -8.905659097132803 7.190075468835665 GGZZ
1.5358311570269096 1.0304494712855572 0.41324626827457317 -0.0030741404595113764 -9.047264597132815 7.208717568835659 GGZZ
0.6636150497990119 0.7880387126507414 0.7527688122487648 0.16520715954049248 -8.955950097132819 7.19812556883567 GGZZ
0.07073336405765931 1.1176150497990118 1.204756996185063 0.17756025954049104 -8.924614697132816 7.217765268835669 GGZZ
1.053258084338275 0.3149634636556828 0.5040666973909927 0.09017175954048806 -9.096515797132815 7.192221668835663 GGZZ
1.4287569961850635 0.28282151726963156 0.05677098855518859 0.3241672595404941 -8.674444197132805 7.197243868835662 GGZZ
