-1.68518 0
-1.17842 0
-1.27211 0
1.85741 0
-0.347538 0
1.31665 0
1.36379 0
0.982579 0
0.476329 0
-2.18554 0
-1.07932 0
0.576903 0
0.458334 0
-0.501635 0
0.69341 0
0.308582 0
-1.3394 0
-1.42531 0
-0.296848 0
0.489328 0
1.30681 0
-1.22239 0
-2.12546 80
-1.2185 0
-0.902307 0
0.0753255 0
1.2773 0
-0.599716 0
1.56776 0
0.307426 0
-0.238772 0
1.17949 0
0.520891 0
1.21435 0
1.2904 0
-0.150635 0
1.82193 0
-0.797701 0
-1.1312 0
-1.31226 0
-1.03299 0
0.269707 0
0.122815 0
-1.44263 0
0.740694 0
1.71966 0
-0.611044 0
0.389138 0
-0.516654 0
-0.45189 0
-0.434897 0
1.42063 0
-1.33546 0
0.278063 0
-0.999515 0
0.9778 0
-0.0144119 0
0.0135569 0
0.587361 0
-0.965177 0
-1.52268 0
-1.78337 0
-0.725229 0
-0.6955 0
1.40285 0
-0.226931 0
-0.902065 0
-1.69141 0
0.111347 0
-0.593627 0
-0.900261 0
-0.794384 0
-0.62879 0
-0.24737 0
0.0464096 0
0.519966 0
-0.652296 0
-2.04165 0
0.541641 0
-0.84928 0
-2.23883 0
0.885716 0
-2.54186 1.68281e+11
-0.713426 0
-0.64819 0
1.03595 0
-1.15785 0
-0.0581857 0
1.07076 0
-0.843391 0
1.58006 0
0.528827 0
-0.0399711 0
1.6622 0
-2.34263 1.0267e+06
0.0212647 0
0.382359 0
-1.45858 0
-0.827066 0
-0.459808 0
-1.33971 0
-0.0819842 0
-0.10764 0
0.182261 0
-1.06172 0
0.250177 0
0.732096 0
1.30237 0
0.906271 0
-0.318427 0
-0.621994 0
0.535748 0
0.00887995 0
1.2836 0
0.381614 0
-2.01833 0
0.432462 0
-0.691433 0
1.07056 0
0.194401 0
-0.88686 0
0.612078 0
-0.540612 0
0.827107 0
-0.796485 0
0.0108133 0
1.13775 0
0.595792 0
-0.845775 0
-0.698475 0
2.25364 0
1.17289 0
0.1931 0
-0.297702 0
-0.00320309 0
-1.10798 0
0.366946 0
1.61569 0
-0.555464 0
-1.01161 0
0.868772 0
-0.945486 0
1.16004 0
-0.973178 0
-0.268814 0
-0.100127 0
-0.42097 0
-0.89104 0
1.25143 0
0.83747 0
0.792907 0
-0.577071 0
-1.11269 0
-0.0278253 0
-0.982215 0
-2.11985 67.5547
-0.533725 0
1.98894 0
-0.0192613 0
-0.283645 0
0.444924 0
1.02911 0
-1.3712 0
0.510087 0
-1.12779 0
-1.06346 0
-1.41434 0
-1.15263 0
0.833567 0
-1.40617 0
-0.092466 0
-1.57081 0
-0.886892 0
-1.33684 0
0.458767 0
-0.338024 0
-0.260268 0
1.01626 0
-0.250464 0
-1.39724 0
-0.81131 0
-1.0891 0
-0.597585 0
-0.823848 0
-0.517817 0
-1.60662 0
-0.0121306 0
0.960082 0
0.548098 0
0.931052 0
0.390446 0
-0.152879 0
-0.693699 0
0.0932737 0
-0.865868 0
0.559651 0
0.648176 0
0.151734 0
-0.592599 0
0.633996 0
-0.0295181 0
0.618667 0
0.0699458 0
-0.386891 0
0.738135 0
0.875929 0
0.246982 0
1.46218 0
-0.158496 0
-0.838996 0
-1.50676 0
-1.6353 0
-1.86816 0
-1.38851 4.7223
-0.295705 0
1.36297 0
0.041927 0
-0.71895 0
1.02428 0
0.149051 0
-0.151972 0
0.55346 0
-0.195045 0
2.25926 0
-0.731613 0
0.823845 0
1.09788 0
-0.950487 0
-0.524915 0
0.729721 0
-0.532631 0
-2.04471 0
0.433205 0
0.932356 0
0.933182 0
2.52382 0
0.411342 0
-0.736299 0
-1.78196 0
-0.796098 0
2.15729 0
0.561097 0
-0.434366 0
-0.286258 0
-0.199886 0
0.929042 0
1.11607 0
1.13917 0
-0.177128 0
0.670636 0
-0.0785161 0
-1.42538 24.3906
0.477981 0
-1.28369 0
-0.0915129 0
0.959509 0
-0.906357 0
1.13198 0
3.16388 0
0.648818 0
-0.0708085 0
-1.82874 0
-0.185086 0
0.762954 0
0.149976 0
0.0792051 0
1.72764 0
-0.666592 0
-0.547588 0
-0.174894 0
0.340233 0
0.0824695 0
-2.55027 2.35566e+11
2.77053 0
0.787001 0
0.246188 0
-1.73908 0
-1.9275 0
1.96432 0
-0.164998 0
1.07352 0
0.345913 0
0.0450192 0
-0.459958 0
-0.6014 0
0.397777 0
-0.0760707 0
-0.5352 0
-0.365913 0
-1.38234 0
1.11442 0
-0.750988 0
0.100468 0
0.79548 0
-0.355947 0
-1.20414 0
-0.823291 0
-0.915784 0
-1.03362 0
-1.24615 0
-0.156679 0
0.802508 0
-0.587622 0
1.58674 0
-0.0368783 0
-0.853216 0
1.15341 0
-1.06021 0
1.07607 0
-0.26996 0
0.323862 0
-0.684196 0
0.606873 0
-0.144589 0
-0.694871 0
-1.2784 0
0.178367 0
0.478051 0
-0.25071 0
-0.254019 0
-0.0465931 0
-1.44342 0
-1.54156 0
0.624877 0
-0.493392 0
-1.00271 0
0.715973 0
-0.385221 0
1.29526 0
-0.950412 0
0.332224 0
-0.292978 0
0.256988 0
-3.14552 2.37266e+21
0.511468 0
-0.419914 0
-0.0342991 0
-0.474576 1.25181
0.979408 0
-2.1038 3.71832e+13
1.14974 0
-1.04378 0
1.33789 0
-0.62941 0
-1.05166 0
-0.0107297 0
-0.93714 0
0.875155 0
-1.08327 0
0.780242 0
1.43313 0
-1.13185 0
-2.4311 0
-0.936445 0
1.70548 0
0.764961 0
2.91077 0
-0.227464 0
-1.13958 0
1.7508 0
1.81378 0
0.654238 0
0.550558 0
-0.336863 0
-0.416895 0
-0.667605 0
0.602962 0
-1.59707 0
-0.24183 0
0.224466 0
-0.349438 0
-1.49949 0
-0.578441 0
1.2477 0
0.32393 0
-0.889794 0
-0.301315 0
0.344593 0
1.23353 0
0.0200978 0
0.607709 0
-2.10145 136.875
-0.548354 0
2.12986 0
0.48052 0
2.72335 0
1.25021 0
2.53503 0
-1.38345 0
0.724464 0
-0.293346 0
0.940817 0
0.531151 0
-0.603598 0
0.170517 0
0.22977 0
0.124854 0
-0.710986 0
-0.7329 0
0.958906 0
0.215258 0
-0.49107 0
0.466012 0
0.919079 0
-0.22542 0
0.440531 0
0.253973 0
0.672118 0
0.924315 0
0.888171 0
1.42793 0
-0.00820587 0
0.0567176 0
-0.881448 0
1.63928 0
-1.04096 0
-1.21164 0
0.0277753 0
-0.0534374 0
-0.797147 0
-0.391771 0
0.0563828 0
-0.198779 0
-0.916851 0
-0.772898 0
2.19558 0
-0.744477 0
-0.655227 0
-0.0430355 0
-0.362902 0
-0.936594 0
-1.05688 0
-1.41584 0
-0.198113 0
-0.576328 0
-0.310821 0
0.0989155 0
-0.542129 0
-0.793326 0
0.82668 0
-0.0381201 0
0.0772306 0
-1.26032 0
0.755877 0
1.07436 0.481352
0.432908 0
-0.715001 0
0.0299659 0
-0.522752 0
-0.945985 0
-0.224583 0
0.449837 0
0.223054 0
0.284186 0
-0.941877 0
-0.492218 0
0.365848 0
1.5429 0
0.810284 0
-0.371309 0
-1.30061 0
0.945486 0
-0.199249 0
-1.52744 0
0.248011 0
-0.150511 0
-0.239137 0
-0.50423 0
-0.20985 0
2.2466 0
0.860417 0
-0.596418 0
0.167632 0
-0.521383 0
-0.45934 0
0.263343 0
0.309964 0
-0.367853 0
0.405324 0
-0.303464 0
-1.19584 0
-2.4491 0
-0.614236 0
1.76571 0
0.358861 0
-0.621256 0
0.391704 0
-0.344785 0
1.05761 0
0.724512 0
0.350275 0
1.9215 0
-1.70793 0
-0.0166654 0
0.122191 0
1.04052 0
0.554628 0
-0.0782192 0
1.77719 0
-1.32026 0
-0.499454 0
-0.191205 0
-0.790505 1.02353
0.715438 0
1.2977 0
-1.11158 0
-0.555387 0
-0.933884 0
0.0775733 0
0.588962 0
1.61983 0
0.724241 0
