1.41237 0.144741 1.54765 0 1.49606 0 1.50912 0
1.43872 0.246334 1.51503 0 1.46237 0 1.46418 0
1.43385 0.214015 1.5233 0 1.50622 0 1.47863 0
1.59659 0.428886 1.49473 0 1.51361 0 1.49273 0
1.48193 0.0491514 1.49918 0 1.51225 0 1.49501 0
1.56847 0.031749 1.52692 0 1.50899 0 1.47299 0
1.57092 0.105866 1.49468 0 1.46625 0 1.47474 0
1.55109 0.124651 1.47424 0 1.53384 0 1.49504 0
1.52477 0.339472 1.4984 0 1.48115 0 1.49309 0
1.38635 0.0518678 1.4441 0 1.4959 0 1.54957 0
1.44388 0.399974 1.50692 0 1.5169 0 1.46288 0
1.53 0.080646 1.49439 0 1.49658 0 1.49885 0
1.52383 0.0516103 1.49856 0 1.47116 0 1.49886 0
1.47391 0.136729 1.51862 0 1.49517 0 1.50566 0
1.53606 0.120794 1.51161 0 1.5001 0 1.47687 0
1.51605 0.282855 1.49781 0 1.48328 0 1.51901 0
1.43035 0.115557 1.50426 0 1.50223 0 1.45954 0
1.42588 0.128533 1.50758 0 1.50209 0 1.49105 0
1.48456 0.237364 1.48204 0 1.54705 0 1.50581 0
1.52545 0.112858 1.50693 0 1.53681 0 1.4591 0
1.56795 0.0442123 1.50477 0 1.45701 0 1.43072 0
1.43644 0.272111 1.50139 0 1.55142 0 1.51349 0
1.38948 0.200759 1.49666 0 1.46602 0 1.53199 0
1.43664 0.322319 1.47924 0 1.53468 0 1.51043 0
1.45308 0.0743362 1.50137 0 1.47755 0 1.49596 0
1.50392 0.0392044 1.52886 0 1.51341 0 1.55736 0
1.56642 0.315111 1.49211 0 1.47793 0 1.46911 0
1.46881 0.211603 1.47901 0 1.51874 0 1.52516 0
1.58152 0.268863 1.48998 0 1.53943 0 1.50476 0
1.51599 0.179032 1.43363 0 1.49144 0 1.49393 0
1.48758 0.387665 1.5107 0 1.51155 0 1.51028 0
1.56133 0.134822 1.5373 0 1.46195 0 1.49484 0
1.52709 0.241293 1.46525 0 1.53251 0 1.47763 0
1.56315 0.0269466 1.49536 0 1.48522 0 1.49547 0
1.5671 0.146767 1.52114 0 1.53345 0 1.47023 0
1.49217 0.215588 1.47822 0 1.49903 0 1.49526 0
1.59474 0.133567 1.55332 0 1.50127 0 1.48462 0
1.45852 0.272465 1.53429 0 1.5248 0 1.49619 0
1.44118 0.440925 1.48851 0 1.48627 0 1.4723 0
1.43176 0.0997463 1.52644 0 1.4977 0 1.48439 0
1.44628 0.379434 1.56925 0 1.5195 0 1.51714 0
1.51402 0.352732 1.53692 0 1.4861 0 1.49355 0
1.50639 0.138373 1.44337 0 1.48594 0 1.50886 0
1.42498 0.353308 1.47986 0 1.52255 0 1.48242 0
1.53852 0.127611 1.50426 0 1.54773 0 1.49346 0
1.58942 0.159302 1.48281 0 1.51953 0 1.48086 0
1.46823 0.216104 1.50516 0 1.52173 0 1.48702 0
1.52024 0.458621 1.52229 0 1.52886 0 1.51196 0
1.47313 0.152044 1.50902 0 1.49014 0 1.49402 0
1.4765 0.184088 1.50288 0 1.51119 0 1.48971 0
1.47739 0.086507 1.50423 0 1.47147 0 1.46783 0
1.57387 0.0217347 1.52014 0 1.4746 0 1.52084 0
1.43056 0.199065 1.57918 0 1.47385 0 1.49143 0
1.51446 0.134282 1.50439 0 1.50104 0 1.44511 0
1.44803 0.253926 1.48607 0 1.4842 0 1.46532 0
1.55085 0.171367 1.5359 0 1.47647 0 1.49212 0
1.49925 0.235147 1.50113 0 1.45117 0 1.4946 0
1.5007 0.0250832 1.50806 0 1.48529 0 1.52901 0
1.53054 0.104599 1.49288 0 1.47878 0 1.52582 0
1.44981 0.166799 1.51415 0 1.50105 0 1.47909 0
1.42082 0.365572 1.50227 0 1.49333 0 1.4986 0
1.40726 0.359549 1.53254 0 1.50308 0 1.49588 0
1.46229 0.197935 1.46915 0 1.54801 0 1.50439 0
1.46383 0.0123958 1.53894 0 1.48595 0 1.48911 0
1.57295 0.367826 1.49765 0 1.48718 0 1.52424 0
1.4882 0.156529 1.51609 0 1.5194 0 1.49507 0
1.45309 0.222931 1.50991 0 1.5023 0 1.51728 0
1.41205 0.097263 1.5168 0 1.53955 0 1.52915 0
1.50579 0.219674 1.4652 0 1.5273 0 1.51012 0
1.46913 0.340626 1.52258 0 1.51702 0 1.46879 0
1.45319 0.18816 1.4963 0 1.5098 0 1.51131 0
1.45869 0.183313 1.5619 0 1.4929 0 1.50157 0
1.4673 0.0462727 1.5017 0 1.50151 0 1.53405 0
1.48714 0.290426 1.46598 0 1.49966 0 1.53854 0
1.50241 0.146863 1.50156 0 1.48235 0 1.51242 0
1.52704 0.0823469 1.47671 0 1.49209 0 1.48771 0
1.46608 0.384985 1.52052 0 1.49247 0 1.49658 0
1.39383 0.222103 1.46574 0 1.44541 0 1.47727 0
1.52817 0.0135224 1.50726 0 1.50906 0 1.47798 0
1.45584 0.0306231 1.49407 0 1.48667 0 1.47269 0
1.38358 0.260927 1.501 0 1.47624 0 1.47887 0
1.54606 0.357901 1.50833 0 1.5447 0 1.47263 0
1.36782 0.218754 1.49454 0 1.52665 0 1.54197 0
1.4629 0.0766695 1.51299 0 1.47525 0 1.50659 0
1.46629 0.0514703 1.47654 0 1.50211 0 1.44406 0
1.55387 0.173245 1.48319 0 1.51618 0 1.50269 0
1.43979 0.0437212 1.53206 0 1.52041 0 1.52032 0
1.49697 0.152944 1.44632 0 1.45787 0 1.46244 0
1.55568 0.0673442 1.50511 0 1.4984 0 1.46554 0
1.45614 0.135146 1.48726 0 1.49208 0 1.51555 0
1.58216 0.060002 1.48719 0 1.47793 0 1.50597 0
1.5275 0.294588 1.49299 0 1.51426 0 1.51485 0
1.49792 0.083405 1.47766 0 1.50277 0 1.50622 0
1.58643 0.166375 1.48401 0 1.49831 0 1.47031 0
1.37818 0.162806 1.49167 0 1.43388 0 1.49801 0
1.50111 0.295063 1.5016 0 1.47921 0 1.48734 0
1.51988 0.317287 1.48181 0 1.50789 0 1.49652 0
1.42415 0.346705 1.49361 0 1.49349 0 1.49574 0
1.45699 0.257133 1.51859 0 1.50065 0 1.46298 0
1.47609 0.297832 1.54336 0 1.48386 0 1.45812 0
1.43033 0.228592 1.49736 0 1.46855 0 1.52301 0
1.49574 0.150241 1.51375 0 1.52534 0 1.48802 0
1.4944 0.333372 1.4995 0 1.48733 0 1.49671 0
1.50948 0.368016 1.51796 0 1.49939 0 1.51725 0
1.44479 0 1.48265 0 1.53272 0 1.50975 0
1.51301 0.297028 1.51449 0 1.52609 0 1.47742 0
1.53807 0.0915511 1.48331 0 1.51067 0 1.547 0
1.56772 0.385048 1.51024 0 1.49129 0 1.50733 0
1.54713 0.11875 1.49446 0 1.52759 0 1.49035 0
1.48344 0.13878 1.50243 0 1.5173 0 1.541 0
1.46766 0.118848 1.51951 0 1.50328 0 1.49101 0
1.52786 0.11233 1.47323 0 1.49112 0 1.53277 0
1.50046 0.232262 1.54425 0 1.48844 0 1.53006 0
1.56675 0.327629 1.47771 0 1.50374 0 1.51449 0
1.51984 0.112781 1.4988 0 1.4926 0 1.49823 0
1.39505 0.320777 1.52603 0 1.53628 0 1.4837 0
1.52249 0.0543732 1.50086 0 1.51236 0 1.5231 0
1.46405 0.217606 1.50384 0 1.5167 0 1.53162 0
1.55567 0.0483177 1.53367 0 1.47151 0 1.48352 0
1.51011 0.18198 1.52577 0 1.48218 0 1.46524 0
1.45388 0.137333 1.49273 0 1.4842 0 1.51137 0
1.53183 0.347205 1.48239 0 1.50958 0 1.51224 0
1.47189 0.097489 1.48923 0 1.50673 0 1.50355 0
1.54301 0.390817 1.49964 0 1.49623 0 1.51546 0
1.45858 0.193162 1.4754 0 1.51381 0 1.47782 0
1.50056 0.200841 1.48673 0 1.50047 0 1.50715 0
1.55916 0.0452627 1.51881 0 1.48099 0 1.49933 0
1.53098 0.273846 1.48179 0 1.4823 0 1.50526 0
1.45602 0.138705 1.44475 0 1.52514 0 1.52941 0
1.46368 0.147412 1.53455 0 1.47053 0 1.54688 0
1.61719 0.0952476 1.47106 0 1.51354 0 1.51242 0
1.56099 0.213104 1.47197 0 1.525 0 1.472 0
1.51004 0.266842 1.48049 0 1.52768 0 1.54205 0
1.48452 0.182452 1.50657 0 1.52001 0 1.50986 0
1.49983 0.121696 1.50749 0 1.5138 0 1.48757 0
1.44238 0.24164 1.52122 0 1.47736 0 1.52654 0
1.51908 0.0208492 1.48745 0 1.47757 0 1.50229 0
1.58402 0.273335 1.50263 0 1.536 0 1.49784 0
1.47112 0.158362 1.52291 0 1.49046 0 1.56975 0
1.4474 0.220653 1.48176 0 1.53247 0 1.47381 0
1.54518 0.243854 1.5249 0 1.46934 0 1.42825 0
1.45083 0.213084 1.44034 0 1.51753 0 1.493 0
1.56032 0.0526248 1.50202 0 1.48324 0 1.49029 0
1.44939 0.155291 1.53149 0 1.49664 0 1.50732 0
1.48602 0.216098 1.50823 0 1.4823 0 1.48352 0
1.49479 0.174054 1.48445 0 1.49965 0 1.51955 0
1.47811 0.120208 1.50213 0 1.49474 0 1.47821 0
1.45367 0.0282431 1.49093 0 1.51073 0 1.48247 0
1.56507 0.0719837 1.52611 0 1.51766 0 1.52342 0
1.54355 0.110426 1.47979 0 1.49916 0 1.45758 0
1.54123 0.325741 1.51193 0 1.42927 0 1.51308 0
1.46999 0.127591 1.45559 0 1.52694 0 1.51242 0
1.44214 0.212329 1.47626 0 1.56194 0 1.49906 0
1.49855 0.348615 1.48113 0 1.55049 0 1.52521 0
1.44892 0.012467 1.5103 0 1.513 0 1.47452 0
1.38977 0.0128156 1.46312 0 1.52505 0 1.54373 0
1.47225 0.475171 1.51025 0 1.50968 0 1.48048 0
1.60342 0.118053 1.48699 0 1.53063 0 1.53337 0
1.499 0.0240308 1.48281 0 1.51456 0 1.49828 0
1.48525 0.276401 1.49222 0 1.5061 0 1.50861 0
1.52314 0.357969 1.50603 0 1.49762 0 1.54717 0
1.55351 0.379283 1.48576 0 1.48425 0 1.57103 0
1.4287 0.212007 1.46981 0 1.53159 0 1.47659 0
1.52652 0.0965495 1.42671 0 1.5121 0 1.54287 0
1.44136 0.220318 1.48906 0 1.49257 0 1.53273 0
1.4447 0.197944 1.45975 0 1.52694 0 1.53779 0
1.42645 0.23745 1.53165 0 1.48755 0 1.5095 0
1.44006 0.225773 1.45031 0 1.546 0 1.52715 0
1.54335 0.260795 1.49788 0 1.45602 0 1.5257 0
1.42688 0.226447 1.48796 0 1.45882 0 1.45906 0
1.49519 0.0897781 1.48512 0 1.46306 0 1.50722 0
1.41832 0.026221 1.51165 0 1.48198 0 1.45819 0
1.45388 0.236587 1.49473 0 1.50006 0 1.46094 0
1.43048 0.168645 1.48134 0 1.49807 0 1.52185 0
1.52386 0.00620532 1.50703 0 1.48137 0 1.5054 0
1.48242 0.263591 1.4748 0 1.4777 0 1.47366 0
1.48647 0.346801 1.51523 0 1.46443 0 1.50993 0
1.55285 0.116318 1.52595 0 1.48882 0 1.50673 0
1.48698 0.0386873 1.4753 0 1.53223 0 1.50156 0
1.42734 0.285481 1.54085 0 1.5185 0 1.52075 0
1.45781 0.181619 1.56669 0 1.48151 0 1.47709 0
1.44337 0.105152 1.52473 0 1.51785 0 1.49397 0
1.46893 0.0773035 1.49053 0 1.49891 0 1.48941 0
1.45716 0.154381 1.5108 0 1.48395 0 1.49031 0
1.47307 0.144283 1.52198 0 1.53368 0 1.49973 0
1.41646 0 1.51603 0 1.52491 0 1.52045 0
1.49937 0.0286693 1.49726 0 1.468 0 1.51735 0
1.54992 0.117232 1.52512 0 1.46729 0 1.50892 0
1.5285 0.342257 1.5014 0 1.55438 0 1.53027 0
1.54841 0.237878 1.5034 0 1.50769 0 1.48677 0
1.5203 0.219631 1.49763 0 1.50122 0 1.51535 0
1.49205 0.226595 1.56657 0 1.48328 0 1.54895 0
1.46393 0.212348 1.4687 0 1.51772 0 1.47511 0
1.50485 0.155808 1.52257 0 1.52156 0 1.4742 0
1.45497 0.219391 1.50928 0 1.49006 0 1.47502 0
1.5291 0.481485 1.49311 0 1.50484 0 1.4646 0
1.53371 0.230377 1.44948 0 1.52726 0 1.45208 0
1.50789 0.247856 1.53494 0 1.54451 0 1.49981 0
1.46918 0.502203 1.46772 0 1.51438 0 1.51812 0
1.53297 0.152881 1.5346 0 1.47546 0 1.46348 0
1.49847 0.104699 1.43163 0 1.50194 0 1.50765 0
1.53217 0.204593 1.46236 0 1.49141 0 1.49418 0
1.50364 0.0823256 1.4887 0 1.48147 0 1.54572 0
1.47988 0.190964 1.49142 0 1.48055 0 1.4875 0
1.53838 0.189748 1.51174 0 1.55082 0 1.53953 0
1.54555 0.109329 1.50603 0 1.50453 0 1.47773 0
1.51284 0.389578 1.48492 0 1.55776 0 1.47392 0
1.57603 0.108813 1.51165 0 1.49167 0 1.47691 0
1.49176 0.307343 1.52137 0 1.5204 0 1.48531 0
1.45637 0.26402 1.51949 0 1.50446 0 1.49524 0
1.42165 0.143574 1.53955 0 1.46085 0 1.50048 0
1.41496 0.177753 1.49234 0 1.47089 0 1.48306 0
1.40286 0.199934 1.52758 0 1.53108 0 1.45372 0
1.4278 0.0613395 1.50987 0 1.5155 0 1.56766 0
1.48462 0.443391 1.55906 0 1.50082 0 1.48487 0
1.57087 0.0769692 1.50666 0 1.5142 0 1.47339 0
1.50218 0.106509 1.47348 0 1.5077 0 1.53636 0
1.46261 0.395071 1.50158 0 1.51518 0 1.45071 0
1.55326 0.311071 1.45954 0 1.50074 0 1.46194 0
1.50775 0.381401 1.53868 0 1.52018 0 1.52871 0
1.4921 0.0905783 1.53815 0 1.50478 0 1.45654 0
1.52878 0.216867 1.48743 0 1.51097 0 1.53196 0
1.48986 0.12979 1.45837 0 1.52223 0 1.49048 0
1.61748 0.127519 1.5255 0 1.54745 0 1.54506 0
1.46196 0.186586 1.51155 0 1.52401 0 1.53635 0
1.54284 0.294765 1.53174 0 1.47844 0 1.46303 0
1.55709 0.450181 1.50487 0 1.49465 0 1.47399 0
1.45057 0.368646 1.52751 0 1.51968 0 1.47222 0
1.4727 0.232233 1.52025 0 1.52403 0 1.51214 0
1.53795 0.162792 1.45094 0 1.52639 0 1.52777 0
1.4723 0.244961 1.4601 0 1.50003 0 1.50717 0
1.39368 0.132607 1.4916 0 1.52873 0 1.47102 0
1.52253 0.188244 1.46026 0 1.43997 0 1.50515 0
1.54848 0.303503 1.44231 0 1.52165 0 1.52686 0
1.54853 0.31779 1.50176 0 1.48758 0 1.53174 0
1.63124 0.141706 1.47842 0 1.51476 0 1.52206 0
1.52139 0.504529 1.53063 0 1.51755 0 1.50021 0
1.46171 0.157575 1.53939 0 1.51242 0 1.4821 0
1.40734 0.207151 1.49877 0 1.55764 0 1.46039 0
1.4586 0.303948 1.557 0 1.45575 0 1.52738 0
1.61218 0.304139 1.42521 0 1.50272 0 1.49254 0
1.52918 0.19547 1.48541 0 1.50798 0 1.48388 0
1.47741 0.373443 1.51538 0 1.48944 0 1.56336 0
1.48511 0.209358 1.49653 0 1.50379 0 1.47196 0
1.48961 0.177724 1.47288 0 1.4532 0 1.48174 0
1.54831 0.222769 1.5138 0 1.49255 0 1.4797 0
1.55804 0.242066 1.48851 0 1.49233 0 1.47128 0
1.55924 0.213013 1.49097 0 1.48833 0 1.51326 0
1.49079 0.120041 1.46777 0 1.47569 0 1.46554 0
1.53487 0.17716 1.48777 0 1.47454 0 1.47539 0
1.49592 0.29204 1.46778 0 1.49248 0 1.50147 0
1.42588 0.192294 1.49735 0 1.53575 0 1.48399 0
1.52486 0.285847 1.52925 0 1.52679 0 1.5215 0
1.43325 0.189852 1.52482 0 1.50013 0 1.5362 0
1.49524 0.104569 1.52672 0 1.48016 0 1.49177 0
1.54989 0.29766 1.5353 0 1.49819 0 1.47869 0
1.45287 0.248949 1.49371 0 1.49319 0 1.50147 0
1.55886 0.19619 1.51494 0 1.52984 0 1.48344 0
1.66452 0.12379 1.45302 0 1.47191 0 1.47407 0
1.53374 0.0572918 1.44574 0 1.49057 0 1.50634 0
1.49632 0.101541 1.52829 0 1.51438 0 1.5013 0
1.40491 0.148187 1.49458 0 1.51929 0 1.48212 0
1.49038 0.10807 1.50045 0 1.48302 0 1.507 0
1.53967 0.10497 1.49701 0 1.49046 0 1.49254 0
1.5078 0.265064 1.422 0 1.53319 0 1.49551 0
1.50412 0.16385 1.53502 0 1.47851 0 1.49909 0
1.58984 0.169002 1.47703 0 1.48874 0 1.53234 0
1.46534 0.235303 1.47339 0 1.47666 0 1.50538 0
1.47153 0.128679 1.51787 0 1.4949 0 1.51325 0
1.49091 0.106958 1.53519 0 1.47119 0 1.52704 0
1.51769 0.171664 1.49797 0 1.46242 0 1.49567 0
1.50429 0.337207 1.52184 0 1.501 0 1.50882 0
1.36739 0.159019 1.48201 0 1.51078 0 1.48039 0
1.64407 0.222798 1.56567 0 1.50399 0 1.52574 0
1.54092 0.482326 1.49945 0 1.50908 0 1.46038 0
1.5128 0.18055 1.48499 0 1.51277 0 1.50991 0
1.40957 0.170682 1.48602 0 1.49017 0 1.50381 0
1.39977 0.277286 1.51673 0 1.4454 0 1.49237 0
1.60214 0.169064 1.49073 0 1.47252 0 1.52133 0
1.49142 0.0697288 1.4868 0 1.52984 0 1.45289 0
1.55582 0.141877 1.5117 0 1.53553 0 1.51811 0
1.51799 0.228816 1.48235 0 1.4247 0 1.49861 0
1.50234 0.0479381 1.50394 0 1.47083 0 1.47866 0
1.47608 0.134153 1.5012 0 1.5046 0 1.48544 0
1.46873 0.355904 1.49314 0 1.53226 0 1.50514 0
1.52068 0.29848 1.47814 0 1.45463 0 1.47023 0
1.49604 0.207117 1.5022 0 1.53297 0 1.45139 0
1.47217 0.273727 1.47924 0 1.46257 0 1.50004 0
1.48097 0.194653 1.48046 0 1.50165 0 1.52348 0
1.42812 0.0536613 1.49471 0 1.48022 0 1.48745 0
1.55795 0.248794 1.55413 0 1.56291 0 1.50114 0
1.46095 0.214522 1.49409 0 1.50501 0 1.48021 0
1.50522 0.231042 1.48491 0 1.46464 0 1.53808 0
1.54136 0.229783 1.49074 0 1.462 0 1.50263 0
1.48149 0.0811562 1.52298 0 1.49169 0 1.48234 0
1.43738 0.218973 1.47791 0 1.49965 0 1.53356 0
1.45719 0.059885 1.5053 0 1.55051 0 1.46908 0
1.45238 0.402284 1.4767 0 1.49969 0 1.52164 0
1.44625 0.216994 1.49127 0 1.44416 0 1.49133 0
1.4352 0.0685401 1.4858 0 1.48896 0 1.44993 0
1.49185 0.0710039 1.50913 0 1.51263 0 1.47941 0
1.54173 0.346906 1.53134 0 1.49269 0 1.50157 0
1.46944 0.0214794 1.48788 0 1.49052 0 1.45971 0
1.58251 0.0594094 1.49194 0 1.50081 0 1.48736 0
1.49808 0.187788 1.49327 0 1.52856 0 1.50224 0
1.45563 0.224889 1.4921 0 1.49583 0 1.46065 0
1.55998 0.412599 1.482 0 1.46707 0 1.48031 0
1.44487 0.388356 1.48032 0 1.5047 0 1.50507 0
1.55596 0.303215 1.55342 0 1.47739 0 1.49907 0
1.48596 0.144433 1.46978 0 1.51408 0 1.49314 0
1.51684 0.32499 1.49094 0 1.48203 0 1.48896 0
1.46442 0.0868173 1.41039 0 1.4833 0 1.53651 0
1.53156 0.237709 1.48209 0 1.50239 0 1.46972 0
1.49248 0.163357 1.49283 0 1.53427 0 1.52359 0
1.46387 0.223213 1.50813 0 1.44969 0 1.50752 0
1.43352 0.212448 1.4583 0 1.49692 0 1.49271 0
1.50928 0.0808369 1.52593 0 1.5086 0 1.45836 0
1.52486 0.230233 1.4918 0 1.50787 0 1.52028 0
1.48696 0.23845 1.48431 0 1.50588 0 1.47576 0
1.48679 0.334393 1.50155 0 1.51018 0 1.50342 0
1.49758 0.226824 1.51038 0 1.54209 0 1.47881 0
1.42494 0.252318 1.47715 0 1.52223 0 1.50269 0
1.41984 0.207974 1.47752 0 1.45335 0 1.55259 0
1.53249 0.188101 1.5025 0 1.48097 0 1.50173 0
1.47434 0.108515 1.52553 0 1.46104 0 1.52731 0
1.44786 0.223096 1.51351 0 1.55515 0 1.49067 0
1.53723 0.23454 1.51916 0 1.49172 0 1.47334 0
1.47997 0.149624 1.5065 0 1.48355 0 1.49973 0
1.56735 0.221635 1.52364 0 1.52257 0 1.53449 0
1.45058 0.210206 1.54324 0 1.51748 0 1.51558 0
1.51728 0.0312613 1.55927 0 1.47031 0 1.48302 0
1.48477 0.115726 1.50473 0 1.51989 0 1.517 0
1.51336 0.551516 1.52311 0 1.49072 0 1.4638 0
1.33643 0.378602 1.49559 0 1.49232 0 1.57136 0
1.5266 0.0670298 1.51894 0 1.49936 0 1.52607 0
1.47816 0.175393 1.56881 0 1.48679 0 1.53144 0
1.49822 0.189182 1.49825 0 1.51231 0 1.48968 0
1.47532 0.271835 1.4687 0 1.47962 0 1.4841 0
1.55093 0.285609 1.53028 0 1.49499 0 1.48573 0
1.3906 0.232086 1.48007 0 1.48771 0 1.42946 0
1.55979 0.0636951 1.50737 0 1.47861 0 1.53379 0
1.44572 0.237343 1.54009 0 1.51923 0 1.49847 0
1.56957 0.12783 1.42146 0 1.47925 0 1.52159 0
1.46727 0.126872 1.51446 0 1.49544 0 1.46444 0
1.44531 0.0969545 1.51921 0 1.48214 0 1.47175 0
1.49944 0.352523 1.49986 0 1.51109 0 1.51964 0
1.45127 0.0990228 1.47403 0 1.50127 0 1.47982 0
1.54551 0.150462 1.45593 0 1.54647 0 1.52026 0
1.44367 0.265439 1.50064 0 1.48878 0 1.49373 0
1.54057 0.0718365 1.48977 0 1.48869 0 1.54672 0
1.57452 0.2361 1.47101 0 1.5127 0 1.51982 0
1.44114 0.124681 1.48635 0 1.48987 0 1.53307 0
1.37358 0.367752 1.50618 0 1.50771 0 1.50991 0
1.4513 0.0696371 1.50003 0 1.54886 0 1.4901 0
1.58868 0.215393 1.53087 0 1.47977 0 1.51058 0
1.53978 0.21897 1.49258 0 1.53199 0 1.51501 0
1.65136 0.298709 1.48562 0 1.49322 0 1.49693 0
1.48817 0.0493536 1.50257 0 1.50072 0 1.53804 0
1.44074 0.150256 1.51654 0 1.50798 0 1.51067 0
1.59104 0.253712 1.46298 0 1.51885 0 1.54116 0
1.59432 0.198677 1.46644 0 1.50189 0 1.49985 0
1.53402 0.0936029 1.47534 0 1.49608 0 1.50214 0
1.52863 0.0216632 1.50169 0 1.45472 0 1.45651 0
1.48248 0.0692118 1.52891 0 1.47274 0 1.49721 0
1.47832 0.00515646 1.5233 0 1.52969 0 1.49026 0
1.46528 0.155166 1.49982 0 1.53173 0 1.47558 0
1.53135 0.232867 1.52016 0 1.53266 0 1.53478 0
1.41695 0.0941756 1.46582 0 1.52552 0 1.47809 0
1.48742 0.00722448 1.4794 0 1.46723 0 1.50235 0
1.51167 0.261535 1.49898 0 1.43923 0 1.42807 0
1.48183 0.301663 1.48022 0 1.49783 0 1.49746 0
1.42203 0.15731 1.49013 0 1.43157 0 1.51909 0
1.46992 0.257407 1.48621 0 1.50092 0 1.49035 0
1.56488 0.239433 1.47905 0 1.47152 0 1.50739 0
1.51684 0.0916497 1.47043 0 1.48631 0 1.49051 0
1.45373 0.405004 1.44292 0 1.53801 0 1.48343 0
1.48433 0.251085 1.52215 0 1.50022 0 1.46907 0
1.51792 0.22213 1.50292 0 1.48862 0 1.53401 0
1.56414 0.227984 1.45109 0 1.49664 0 1.48111 0
1.50105 0.120848 1.49206 0 1.43543 0 1.51517 0
1.5316 0.0773982 1.54627 0 1.5233 0 1.47521 0
1.39072 0.309958 1.50525 0 1.51399 0 1.53987 0
1.47149 0.306029 1.58365 0 1.49411 0 1.52855 0
1.61075 0.197489 1.51926 0 1.47329 0 1.51313 0
1.52499 0.23638 1.5604 0 1.48123 0 1.49185 0
1.64161 0.16301 1.50202 0 1.48761 0 1.48141 0
1.56501 0.360455 1.52341 0 1.49039 0 1.48521 0
1.63182 0.206159 1.50667 0 1.51357 0 1.51468 0
1.42806 0.12243 1.4826 0 1.46299 0 1.51019 0
1.53767 0.261627 1.49757 0 1.54227 0 1.52777 0
1.48475 0.00960608 1.51244 0 1.52141 0 1.51612 0
1.54892 0.110881 1.47966 0 1.52305 0 1.47716 0
1.52762 0.0645215 1.46016 0 1.48681 0 1.49576 0
1.46861 0.420625 1.51541 0 1.47786 0 1.45686 0
1.50887 0.376022 1.48773 0 1.51166 0 1.46855 0
1.51195 0.187468 1.53735 0 1.47709 0 1.54413 0
1.50649 0.107262 1.49229 0 1.52739 0 1.54447 0
1.46303 0.0148915 1.48184 0 1.5063 0 1.48896 0
1.46189 0.20504 1.51425 0 1.46622 0 1.55771 0
1.54986 0.453227 1.52065 0 1.51388 0 1.50612 0
1.51119 0.185517 1.48796 0 1.46626 0 1.43816 0
1.47446 0.195506 1.47468 0 1.52865 0 1.46779 0
1.52423 0.188597 1.49057 0 1.52398 0 1.52574 0
1.54779 0.317256 1.53771 0 1.50149 0 1.51679 0
1.48828 0.286033 1.50208 0 1.52938 0 1.48625 0
1.52291 0.213491 1.4867 0 1.47457 0 1.49536 0
1.51321 0.300029 1.48866 0 1.49713 0 1.54473 0
1.53495 0.102355 1.45522 0 1.51298 0 1.50417 0
1.54806 0.104149 1.53684 0 1.5401 0 1.47102 0
1.54618 0.0278588 1.50315 0 1.48006 0 1.47884 0
1.57425 0.164085 1.51474 0 1.52124 0 1.50728 0
1.49957 0.165356 1.51076 0 1.432 0 1.51475 0
1.50295 0.0745662 1.47089 0 1.53836 0 1.50055 0
1.45416 0.166763 1.50354 0 1.49013 0 1.49975 0
1.58524 0.0884914 1.48795 0 1.53346 0 1.51675 0
1.44587 0.151861 1.52328 0 1.44874 0 1.51122 0
1.43699 0.244651 1.49063 0 1.46069 0 1.50149 0
1.50144 0.290259 1.51466 0 1.52463 0 1.44688 0
1.49722 0.0421933 1.478 0 1.4936 0 1.50685 0
1.45855 0.0775497 1.47925 0 1.48744 0 1.48857 0
1.47963 0.228708 1.46627 0 1.49722 0 1.51083 0
1.50293 0.403423 1.46842 0 1.48117 0 1.45511 0
1.48966 0.141732 1.46563 0 1.49541 0 1.55396 0
1.45232 0.373882 1.501 0 1.53662 0 1.49473 0
1.45981 0.213385 1.49501 0 1.50932 0 1.46972 0
1.61417 0.310446 1.49778 0 1.47597 0 1.52078 0
1.46129 0.109288 1.48668 0 1.50028 0 1.524 0
1.46593 0.486392 1.524 0 1.46292 0 1.53541 0
1.49776 0.372886 1.49746 0 1.48003 0 1.5015 0
1.48113 0.294279 1.5123 0 1.48591 0 1.48414 0
1.4513 0.455817 1.51631 0 1.50509 0 1.48668 0
1.44504 0.133605 1.50389 0 1.49155 0 1.45377 0
1.42638 0.147564 1.48035 0 1.49379 0 1.51406 0
1.4897 0.376867 1.54187 0 1.50854 0 1.53351 0
1.47003 0.102977 1.48762 0 1.5037 0 1.48493 0
1.48384 0.180746 1.53174 0 1.51879 0 1.5175 0
1.50514 0.135473 1.49011 0 1.54535 0 1.50988 0
1.47181 0.358699 1.48594 0 1.50697 0 1.51734 0
1.45875 0.210691 1.43749 0 1.47304 0 1.52611 0
1.54299 0.0615524 1.54038 0 1.45502 0 1.5047 0
1.49802 0.0193369 1.49852 0 1.50374 0 1.52592 0
1.50402 0.293923 1.55504 0 1.50068 0 1.48717 0
1.43446 0.0274577 1.46314 0 1.49692 0 1.53078 0
1.53931 0.0959881 1.56115 0 1.4931 0 1.50204 0
1.55587 0.321495 1.52017 0 1.47219 0 1.49742 0
1.52251 0.00742681 1.47743 0 1.45383 0 1.46352 0
1.46282 0.0863506 1.52105 0 1.55777 0 1.52076 0
1.50156 0.237583 1.47801 0 1.51017 0 1.5177 0
1.47282 0.17787 1.41901 0 1.45079 0 1.4935 0
1.45081 0.20943 1.54602 0 1.50019 0 1.52244 0
1.48832 0.12083 1.47105 0 1.52162 0 1.44245 0
1.52339 0.131433 1.49665 0 1.53083 0 1.46834 0
1.5116 0 1.51676 0 1.47225 0 1.48 0
1.51478 0.0317824 1.52502 0 1.45101 0 1.48895 0
1.45102 0.133696 1.49514 0 1.50829 0 1.49168 0
1.4744 0.104618 1.54823 0 1.46938 0 1.4803 0
1.51902 0.104612 1.4922 0 1.52924 0 1.48974 0
1.58023 0.249709 1.51024 0 1.50223 0 1.50027 0
1.54213 0.105116 1.55773 0 1.52112 0 1.4724 0
1.48069 0.205244 1.46267 0 1.52533 0 1.49739 0
1.43237 0.190995 1.49811 0 1.53104 0 1.47887 0
1.54917 0.0351277 1.536 0 1.50151 0 1.56071 0
1.48964 0.252902 1.48546 0 1.48364 0 1.5055 0
1.42057 0.0810818 1.51398 0 1.52384 0 1.4861 0
1.5129 0.0543129 1.43293 0 1.51163 0 1.51114 0
1.49217 0.279703 1.471 0 1.50427 0 1.45451 0
1.48756 0.222966 1.48194 0 1.50474 0 1.58081 0
1.47378 0.239511 1.54715 0 1.51707 0 1.51281 0
1.48909 0.285282 1.50536 0 1.47655 0 1.51027 0
1.61682 0.0990224 1.46751 0 1.47303 0 1.50075 0
1.54474 0.168124 1.48629 0 1.46534 0 1.51755 0
1.46899 0.169254 1.48573 0 1.48478 0 1.5098 0
1.50872 0.168239 1.49142 0 1.47462 0 1.50933 0
1.47289 0.131047 1.49728 0 1.46448 0 1.50364 0
1.47611 0.136904 1.49189 0 1.48712 0 1.52223 0
1.51369 0.3154 1.5201 0 1.51956 0 1.53715 0
1.51612 0.13109 1.5038 0 1.51588 0 1.49957 0
1.48087 0.0659654 1.50355 0 1.46261 0 1.4992 0
1.52108 0.146608 1.50678 0 1.54357 0 1.49838 0
1.48422 0.0455506 1.49114 0 1.5158 0 1.45137 0
1.43782 0.312473 1.49083 0 1.54293 0 1.47315 0
1.37265 0.223788 1.46553 0 1.51099 0 1.49822 0
1.46806 0.229702 1.50852 0 1.48847 0 1.57049 0
1.59182 0.292692 1.50846 0 1.48196 0 1.53253 0
1.51866 0.270584 1.49758 0 1.44831 0 1.44971 0
1.46769 0.18868 1.52213 0 1.49027 0 1.46723 0
1.52037 0.363162 1.51356 0 1.48602 0 1.49576 0
1.48207 0.340713 1.50963 0 1.5377 0 1.50534 0
1.555 0.0418156 1.5095 0 1.49634 0 1.53154 0
1.53767 0.0989643 1.49403 0 1.53492 0 1.45806 0
1.51821 0.216577 1.48591 0 1.51316 0 1.51094 0
1.59992 0.123452 1.50593 0 1.57385 0 1.46882 0
1.41119 0.0441547 1.48286 0 1.48262 0 1.47108 0
1.49913 0.266046 1.48335 0 1.5537 0 1.51339 0
1.50635 0.336181 1.53099 0 1.50103 0 1.48515 0
1.55411 0.389256 1.49555 0 1.48481 0 1.49043 0
1.52884 0.106932 1.52125 0 1.45755 0 1.53481 0
1.49593 0.331544 1.5223 0 1.50975 0 1.46282 0
1.59241 0.142184 1.49095 0 1.51751 0 1.49666 0
1.43135 0.296061 1.45874 0 1.50353 0 1.47874 0
1.47403 0.381426 1.50034 0 1.47209 0 1.54151 0
1.49006 0.35286 1.45118 0 1.50997 0 1.49441 0
1.45889 0.132249 1.51266 0 1.51609 0 1.50601 0
1.5372 0.211589 1.55027 0 1.47822 0 1.54041 0
1.56748 0.160412 1.52405 0 1.43533 0 1.46718 0
1.4422 0.168385 1.4706 0 1.52359 0 1.47878 0
1.47112 0.175463 1.49297 0 1.50704 0 1.48844 0
1.45144 0.126677 1.53052 0 1.49493 0 1.46544 0
1.50403 0.115657 1.54733 0 1.47538 0 1.51997 0
1.53063 0.176252 1.54213 0 1.48984 0 1.48989 0
1.58423 0.148155 1.55609 0 1.53904 0 1.54372 0
1.53766 0.106057 1.53316 0 1.48405 0 1.52007 0
