1.41237 0.234533 1.54765 0 1.49606 0 1.50912 0
1.43872 0.176628 1.51503 0 1.46237 0 1.46418 0
1.43385 0.150968 1.5233 0 1.50622 0 1.47863 0
1.59659 0.247415 1.49473 0 1.51361 0 1.49273 0
1.48193 0.170534 1.49918 0 1.51225 0 1.49501 0
1.56847 0.18004 1.52692 0 1.50899 0 1.47299 0
1.57092 0.168184 1.49468 0 1.46625 0 1.47474 0
1.55109 0.213787 1.47424 0 1.53384 0 1.49504 0
1.52477 0.230572 1.4984 0 1.48115 0 1.49309 0
1.38635 0.201665 1.4441 0 1.4959 0 1.54957 0
1.44388 0.262264 1.50692 0 1.5169 0 1.46288 0
1.53 0.160677 1.49439 0 1.49658 0 1.49885 0
1.52383 0.193548 1.49856 0 1.47116 0 1.49886 0
1.47391 0.207472 1.51862 0 1.49517 0 1.50566 0
1.53606 0.207308 1.51161 0 1.5001 0 1.47687 0
1.51605 0.231109 1.49781 0 1.48328 0 1.51901 0
1.43035 0.130902 1.50426 0 1.50223 0 1.45954 0
1.42588 0.149957 1.50758 0 1.50209 0 1.49105 0
1.48456 0.170015 1.48204 0 1.54705 0 1.50581 0
1.52545 0.147331 1.50693 0 1.53681 0 1.4591 0
1.56795 0.221711 1.50477 0 1.45701 0 1.43072 0
1.43644 0.224131 1.50139 0 1.55142 0 1.51349 0
1.38948 0.197064 1.49666 0 1.46602 0 1.53199 0
1.43664 0.233221 1.47924 0 1.53468 0 1.51043 0
1.45308 0.227542 1.50137 0 1.47755 0 1.49596 0
1.50392 0.19049 1.52886 0 1.51341 0 1.55736 0
1.56642 0.187503 1.49211 0 1.47793 0 1.46911 0
1.46881 0.144923 1.47901 0 1.51874 0 1.52516 0
1.58152 0.135672 1.48998 0 1.53943 0 1.50476 0
1.51599 0.172295 1.43363 0 1.49144 0 1.49393 0
1.48758 0.187361 1.5107 0 1.51155 0 1.51028 0
1.56133 0.174145 1.5373 0 1.46195 0 1.49484 0
1.52709 0.214093 1.46525 0 1.53251 0 1.47763 0
1.56315 0.135658 1.49536 0 1.48522 0 1.49547 0
1.5671 0.246787 1.52114 0 1.53345 0 1.47023 0
1.49217 0.192803 1.47822 0 1.49903 0 1.49526 0
1.59474 0.241309 1.55332 0 1.50127 0 1.48462 0
1.45852 0.254381 1.53429 0 1.5248 0 1.49619 0
1.44118 0.243763 1.48851 0 1.48627 0 1.4723 0
1.43176 0.199628 1.52644 0 1.4977 0 1.48439 0
1.44628 0.207826 1.56925 0 1.5195 0 1.51714 0
1.51402 0.197156 1.53692 0 1.4861 0 1.49355 0
1.50639 0.205065 1.44337 0 1.48594 0 1.50886 0
1.42498 0.206977 1.47986 0 1.52255 0 1.48242 0
1.53852 0.247477 1.50426 0 1.54773 0 1.49346 0
1.58942 0.216562 1.48281 0 1.51953 0 1.48086 0
1.46823 0.182378 1.50516 0 1.52173 0 1.48702 0
1.52024 0.233746 1.52229 0 1.52886 0 1.51196 0
1.47313 0.118112 1.50902 0 1.49014 0 1.49402 0
1.4765 0.197475 1.50288 0 1.51119 0 1.48971 0
1.47739 0.168291 1.50423 0 1.47147 0 1.46783 0
1.57387 0.211099 1.52014 0 1.4746 0 1.52084 0
1.43056 0.151938 1.57918 0 1.47385 0 1.49143 0
1.51446 0.339968 1.50439 0 1.50104 0 1.44511 0
1.44803 0.148997 1.48607 0 1.4842 0 1.46532 0
1.55085 0.272299 1.5359 0 1.47647 0 1.49212 0
1.49925 0.17115 1.50113 0 1.45117 0 1.4946 0
1.5007 0.230233 1.50806 0 1.48529 0 1.52901 0
1.53054 0.215906 1.49288 0 1.47878 0 1.52582 0
1.44981 0.230661 1.51415 0 1.50105 0 1.47909 0
1.42082 0.201027 1.50227 0 1.49333 0 1.4986 0
1.40726 0.183127 1.53254 0 1.50308 0 1.49588 0
1.46229 0.185661 1.46915 0 1.54801 0 1.50439 0
1.46383 0.15764 1.53894 0 1.48595 0 1.48911 0
1.57295 0.222596 1.49765 0 1.48718 0 1.52424 0
1.4882 0.157877 1.51609 0 1.5194 0 1.49507 0
1.45309 0.159648 1.50991 0 1.5023 0 1.51728 0
1.41205 0.251449 1.5168 0 1.53955 0 1.52915 0
1.50579 0.215026 1.4652 0 1.5273 0 1.51012 0
1.46913 0.215567 1.52258 0 1.51702 0 1.46879 0
1.45319 0.227948 1.4963 0 1.5098 0 1.51131 0
1.45869 0.210206 1.5619 0 1.4929 0 1.50157 0
1.4673 0.158181 1.5017 0 1.50151 0 1.53405 0
1.48714 0.198659 1.46598 0 1.49966 0 1.53854 0
1.50241 0.171651 1.50156 0 1.48235 0 1.51242 0
1.52704 0.179237 1.47671 0 1.49209 0 1.48771 0
1.46608 0.228939 1.52052 0 1.49247 0 1.49658 0
1.39383 0.239059 1.46574 0 1.44541 0 1.47727 0
1.52817 0.137727 1.50726 0 1.50906 0 1.47798 0
1.45584 0.197187 1.49407 0 1.48667 0 1.47269 0
1.38358 0.170672 1.501 0 1.47624 0 1.47887 0
1.54606 0.206503 1.50833 0 1.5447 0 1.47263 0
1.36782 0.216905 1.49454 0 1.52665 0 1.54197 0
1.4629 0.112757 1.51299 0 1.47525 0 1.50659 0
1.46629 0.193385 1.47654 0 1.50211 0 1.44406 0
1.55387 0.145797 1.48319 0 1.51618 0 1.50269 0
1.43979 0.176068 1.53206 0 1.52041 0 1.52032 0
1.49697 0.212983 1.44632 0 1.45787 0 1.46244 0
1.55568 0.187198 1.50511 0 1.4984 0 1.46554 0
1.45614 0.208029 1.48726 0 1.49208 0 1.51555 0
1.58216 0.252536 1.48719 0 1.47793 0 1.50597 0
1.5275 0.252758 1.49299 0 1.51426 0 1.51485 0
1.49792 0.144259 1.47766 0 1.50277 0 1.50622 0
1.58643 0.221764 1.48401 0 1.49831 0 1.47031 0
1.37818 0.142837 1.49167 0 1.43388 0 1.49801 0
1.50111 0.22021 1.5016 0 1.47921 0 1.48734 0
1.51988 0.204936 1.48181 0 1.50789 0 1.49652 0
1.42415 0.198214 1.49361 0 1.49349 0 1.49574 0
1.45699 0.18268 1.51859 0 1.50065 0 1.46298 0
1.47609 0.185422 1.54336 0 1.48386 0 1.45812 0
1.43033 0.18277 1.49736 0 1.46855 0 1.52301 0
1.49574 0.25487 1.51375 0 1.52534 0 1.48802 0
1.4944 0.179742 1.4995 0 1.48733 0 1.49671 0
1.50948 0.18823 1.51796 0 1.49939 0 1.51725 0
1.44479 0.21479 1.48265 0 1.53272 0 1.50975 0
1.51301 0.22451 1.51449 0 1.52609 0 1.47742 0
1.53807 0.159125 1.48331 0 1.51067 0 1.547 0
1.56772 0.176303 1.51024 0 1.49129 0 1.50733 0
1.54713 0.134864 1.49446 0 1.52759 0 1.49035 0
1.48344 0.186292 1.50243 0 1.5173 0 1.541 0
1.46766 0.154308 1.51951 0 1.50328 0 1.49101 0
1.52786 0.223405 1.47323 0 1.49112 0 1.53277 0
1.50046 0.244814 1.54425 0 1.48844 0 1.53006 0
1.56675 0.191263 1.47771 0 1.50374 0 1.51449 0
1.51984 0.201035 1.4988 0 1.4926 0 1.49823 0
1.39505 0.168547 1.52603 0 1.53628 0 1.4837 0
1.52249 0.154734 1.50086 0 1.51236 0 1.5231 0
1.46405 0.151728 1.50384 0 1.5167 0 1.53162 0
1.55567 0.216996 1.53367 0 1.47151 0 1.48352 0
1.51011 0.201657 1.52577 0 1.48218 0 1.46524 0
1.45388 0.190539 1.49273 0 1.4842 0 1.51137 0
1.53183 0.261101 1.48239 0 1.50958 0 1.51224 0
1.47189 0.198765 1.48923 0 1.50673 0 1.50355 0
1.54301 0.228891 1.49964 0 1.49623 0 1.51546 0
1.45858 0.193498 1.4754 0 1.51381 0 1.47782 0
1.50056 0.170729 1.48673 0 1.50047 0 1.50715 0
1.55916 0.138181 1.51881 0 1.48099 0 1.49933 0
1.53098 0.164414 1.48179 0 1.4823 0 1.50526 0
1.45602 0.179117 1.44475 0 1.52514 0 1.52941 0
1.46368 0.148961 1.53455 0 1.47053 0 1.54688 0
1.61719 0.124203 1.47106 0 1.51354 0 1.51242 0
1.56099 0.140716 1.47197 0 1.525 0 1.472 0
1.51004 0.178484 1.48049 0 1.52768 0 1.54205 0
1.48452 0.176321 1.50657 0 1.52001 0 1.50986 0
1.49983 0.153663 1.50749 0 1.5138 0 1.48757 0
1.44238 0.211717 1.52122 0 1.47736 0 1.52654 0
1.51908 0.168341 1.48745 0 1.47757 0 1.50229 0
1.58402 0.220611 1.50263 0 1.536 0 1.49784 0
1.47112 0.223444 1.52291 0 1.49046 0 1.56975 0
1.4474 0.156582 1.48176 0 1.53247 0 1.47381 0
1.54518 0.201581 1.5249 0 1.46934 0 1.42825 0
1.45083 0.210188 1.44034 0 1.51753 0 1.493 0
1.56032 0.160227 1.50202 0 1.48324 0 1.49029 0
1.44939 0.158484 1.53149 0 1.49664 0 1.50732 0
1.48602 0.235542 1.50823 0 1.4823 0 1.48352 0
1.49479 0.172025 1.48445 0 1.49965 0 1.51955 0
1.47811 0.18951 1.50213 0 1.49474 0 1.47821 0
1.45367 0.244415 1.49093 0 1.51073 0 1.48247 0
1.56507 0.22614 1.52611 0 1.51766 0 1.52342 0
1.54355 0.15675 1.47979 0 1.49916 0 1.45758 0
1.54123 0.243423 1.51193 0 1.42927 0 1.51308 0
1.46999 0.179013 1.45559 0 1.52694 0 1.51242 0
1.44214 0.199824 1.47626 0 1.56194 0 1.49906 0
1.49855 0.215626 1.48113 0 1.55049 0 1.52521 0
1.44892 0.155141 1.5103 0 1.513 0 1.47452 0
1.38977 0.0858868 1.46312 0 1.52505 0 1.54373 0
1.47225 0.308996 1.51025 0 1.50968 0 1.48048 0
1.60342 0.224471 1.48699 0 1.53063 0 1.53337 0
1.499 0.2313 1.48281 0 1.51456 0 1.49828 0
1.48525 0.212027 1.49222 0 1.5061 0 1.50861 0
1.52314 0.170523 1.50603 0 1.49762 0 1.54717 0
1.55351 0.199763 1.48576 0 1.48425 0 1.57103 0
1.4287 0.159149 1.46981 0 1.53159 0 1.47659 0
1.52652 0.188587 1.42671 0 1.5121 0 1.54287 0
1.44136 0.222724 1.48906 0 1.49257 0 1.53273 0
1.4447 0.229148 1.45975 0 1.52694 0 1.53779 0
1.42645 0.173104 1.53165 0 1.48755 0 1.5095 0
1.44006 0.19096 1.45031 0 1.546 0 1.52715 0
1.54335 0.18537 1.49788 0 1.45602 0 1.5257 0
1.42688 0.222707 1.48796 0 1.45882 0 1.45906 0
1.49519 0.213234 1.48512 0 1.46306 0 1.50722 0
1.41832 0.151088 1.51165 0 1.48198 0 1.45819 0
1.45388 0.165309 1.49473 0 1.50006 0 1.46094 0
1.43048 0.196624 1.48134 0 1.49807 0 1.52185 0
1.52386 0.245615 1.50703 0 1.48137 0 1.5054 0
1.48242 0.220479 1.4748 0 1.4777 0 1.47366 0
1.48647 0.151404 1.51523 0 1.46443 0 1.50993 0
1.55285 0.187985 1.52595 0 1.48882 0 1.50673 0
1.48698 0.149133 1.4753 0 1.53223 0 1.50156 0
1.42734 0.245567 1.54085 0 1.5185 0 1.52075 0
1.45781 0.171955 1.56669 0 1.48151 0 1.47709 0
1.44337 0.177912 1.52473 0 1.51785 0 1.49397 0
1.46893 0.169595 1.49053 0 1.49891 0 1.48941 0
1.45716 0.178794 1.5108 0 1.48395 0 1.49031 0
1.47307 0.158922 1.52198 0 1.53368 0 1.49973 0
1.41646 0.174882 1.51603 0 1.52491 0 1.52045 0
1.49937 0.164445 1.49726 0 1.468 0 1.51735 0
1.54992 0.163147 1.52512 0 1.46729 0 1.50892 0
1.5285 0.23783 1.5014 0 1.55438 0 1.53027 0
1.54841 0.245029 1.5034 0 1.50769 0 1.48677 0
1.5203 0.233745 1.49763 0 1.50122 0 1.51535 0
1.49205 0.214689 1.56657 0 1.48328 0 1.54895 0
1.46393 0.187751 1.4687 0 1.51772 0 1.47511 0
1.50485 0.172992 1.52257 0 1.52156 0 1.4742 0
1.45497 0.195462 1.50928 0 1.49006 0 1.47502 0
1.5291 0.221168 1.49311 0 1.50484 0 1.4646 0
1.53371 0.258797 1.44948 0 1.52726 0 1.45208 0
1.50789 0.221334 1.53494 0 1.54451 0 1.49981 0
1.46918 0.224449 1.46772 0 1.51438 0 1.51812 0
1.53297 0.214709 1.5346 0 1.47546 0 1.46348 0
1.49847 0.151292 1.43163 0 1.50194 0 1.50765 0
1.53217 0.155987 1.46236 0 1.49141 0 1.49418 0
1.50364 0.148825 1.4887 0 1.48147 0 1.54572 0
1.47988 0.122504 1.49142 0 1.48055 0 1.4875 0
1.53838 0.170075 1.51174 0 1.55082 0 1.53953 0
1.54555 0.126073 1.50603 0 1.50453 0 1.47773 0
1.51284 0.240973 1.48492 0 1.55776 0 1.47392 0
1.57603 0.139596 1.51165 0 1.49167 0 1.47691 0
1.49176 0.211753 1.52137 0 1.5204 0 1.48531 0
1.45637 0.204602 1.51949 0 1.50446 0 1.49524 0
1.42165 0.184347 1.53955 0 1.46085 0 1.50048 0
1.41496 0.285395 1.49234 0 1.47089 0 1.48306 0
1.40286 0.185521 1.52758 0 1.53108 0 1.45372 0
1.4278 0.205685 1.50987 0 1.5155 0 1.56766 0
1.48462 0.225279 1.55906 0 1.50082 0 1.48487 0
1.57087 0.211696 1.50666 0 1.5142 0 1.47339 0
1.50218 0.17359 1.47348 0 1.5077 0 1.53636 0
1.46261 0.192321 1.50158 0 1.51518 0 1.45071 0
1.55326 0.178426 1.45954 0 1.50074 0 1.46194 0
1.50775 0.187307 1.53868 0 1.52018 0 1.52871 0
1.4921 0.210394 1.53815 0 1.50478 0 1.45654 0
1.52878 0.221924 1.48743 0 1.51097 0 1.53196 0
1.48986 0.145632 1.45837 0 1.52223 0 1.49048 0
1.61748 0.205424 1.5255 0 1.54745 0 1.54506 0
1.46196 0.191738 1.51155 0 1.52401 0 1.53635 0
1.54284 0.183955 1.53174 0 1.47844 0 1.46303 0
1.55709 0.212966 1.50487 0 1.49465 0 1.47399 0
1.45057 0.215795 1.52751 0 1.51968 0 1.47222 0
1.4727 0.247232 1.52025 0 1.52403 0 1.51214 0
1.53795 0.157576 1.45094 0 1.52639 0 1.52777 0
1.4723 0.19589 1.4601 0 1.50003 0 1.50717 0
1.39368 0.144113 1.4916 0 1.52873 0 1.47102 0
1.52253 0.119032 1.46026 0 1.43997 0 1.50515 0
1.54848 0.189061 1.44231 0 1.52165 0 1.52686 0
1.54853 0.234616 1.50176 0 1.48758 0 1.53174 0
1.63124 0.17649 1.47842 0 1.51476 0 1.52206 0
1.52139 0.258195 1.53063 0 1.51755 0 1.50021 0
1.46171 0.207069 1.53939 0 1.51242 0 1.4821 0
1.40734 0.248664 1.49877 0 1.55764 0 1.46039 0
1.4586 0.257948 1.557 0 1.45575 0 1.52738 0
1.61218 0.183103 1.42521 0 1.50272 0 1.49254 0
1.52918 0.168549 1.48541 0 1.50798 0 1.48388 0
1.47741 0.23981 1.51538 0 1.48944 0 1.56336 0
1.48511 0.19639 1.49653 0 1.50379 0 1.47196 0
1.48961 0.181795 1.47288 0 1.4532 0 1.48174 0
1.54831 0.249312 1.5138 0 1.49255 0 1.4797 0
1.55804 0.25365 1.48851 0 1.49233 0 1.47128 0
1.55924 0.166951 1.49097 0 1.48833 0 1.51326 0
1.49079 0.182933 1.46777 0 1.47569 0 1.46554 0
1.53487 0.194355 1.48777 0 1.47454 0 1.47539 0
1.49592 0.153301 1.46778 0 1.49248 0 1.50147 0
1.42588 0.261933 1.49735 0 1.53575 0 1.48399 0
1.52486 0.191787 1.52925 0 1.52679 0 1.5215 0
1.43325 0.132795 1.52482 0 1.50013 0 1.5362 0
1.49524 0.135848 1.52672 0 1.48016 0 1.49177 0
1.54989 0.217332 1.5353 0 1.49819 0 1.47869 0
1.45287 0.227736 1.49371 0 1.49319 0 1.50147 0
1.55886 0.175294 1.51494 0 1.52984 0 1.48344 0
1.66452 0.15782 1.45302 0 1.47191 0 1.47407 0
1.53374 0.128867 1.44574 0 1.49057 0 1.50634 0
1.49632 0.16162 1.52829 0 1.51438 0 1.5013 0
1.40491 0.167015 1.49458 0 1.51929 0 1.48212 0
1.49038 0.194497 1.50045 0 1.48302 0 1.507 0
1.53967 0.265503 1.49701 0 1.49046 0 1.49254 0
1.5078 0.210695 1.422 0 1.53319 0 1.49551 0
1.50412 0.267573 1.53502 0 1.47851 0 1.49909 0
1.58984 0.128643 1.47703 0 1.48874 0 1.53234 0
1.46534 0.116391 1.47339 0 1.47666 0 1.50538 0
1.47153 0.181846 1.51787 0 1.4949 0 1.51325 0
1.49091 0.223333 1.53519 0 1.47119 0 1.52704 0
1.51769 0.200901 1.49797 0 1.46242 0 1.49567 0
1.50429 0.192796 1.52184 0 1.501 0 1.50882 0
1.36739 0.18012 1.48201 0 1.51078 0 1.48039 0
1.64407 0.225675 1.56567 0 1.50399 0 1.52574 0
1.54092 0.179676 1.49945 0 1.50908 0 1.46038 0
1.5128 0.19922 1.48499 0 1.51277 0 1.50991 0
1.40957 0.229579 1.48602 0 1.49017 0 1.50381 0
1.39977 0.254416 1.51673 0 1.4454 0 1.49237 0
1.60214 0.192716 1.49073 0 1.47252 0 1.52133 0
1.49142 0.180477 1.4868 0 1.52984 0 1.45289 0
1.55582 0.155198 1.5117 0 1.53553 0 1.51811 0
1.51799 0.184573 1.48235 0 1.4247 0 1.49861 0
1.50234 0.133801 1.50394 0 1.47083 0 1.47866 0
1.47608 0.247545 1.5012 0 1.5046 0 1.48544 0
1.46873 0.236252 1.49314 0 1.53226 0 1.50514 0
1.52068 0.226761 1.47814 0 1.45463 0 1.47023 0
1.49604 0.204151 1.5022 0 1.53297 0 1.45139 0
1.47217 0.221931 1.47924 0 1.46257 0 1.50004 0
1.48097 0.212981 1.48046 0 1.50165 0 1.52348 0
1.42812 0.223743 1.49471 0 1.48022 0 1.48745 0
1.55795 0.23012 1.55413 0 1.56291 0 1.50114 0
1.46095 0.198267 1.49409 0 1.50501 0 1.48021 0
1.50522 0.150859 1.48491 0 1.46464 0 1.53808 0
1.54136 0.147176 1.49074 0 1.462 0 1.50263 0
1.48149 0.151178 1.52298 0 1.49169 0 1.48234 0
1.43738 0.258389 1.47791 0 1.49965 0 1.53356 0
1.45719 0.139122 1.5053 0 1.55051 0 1.46908 0
1.45238 0.185903 1.4767 0 1.49969 0 1.52164 0
1.44625 0.262532 1.49127 0 1.44416 0 1.49133 0
1.4352 0.218118 1.4858 0 1.48896 0 1.44993 0
1.49185 0.185074 1.50913 0 1.51263 0 1.47941 0
1.54173 0.164525 1.53134 0 1.49269 0 1.50157 0
1.46944 0.121129 1.48788 0 1.49052 0 1.45971 0
1.58251 0.169281 1.49194 0 1.50081 0 1.48736 0
1.49808 0.212876 1.49327 0 1.52856 0 1.50224 0
1.45563 0.187086 1.4921 0 1.49583 0 1.46065 0
1.55998 0.200439 1.482 0 1.46707 0 1.48031 0
1.44487 0.231256 1.48032 0 1.5047 0 1.50507 0
1.55596 0.197155 1.55342 0 1.47739 0 1.49907 0
1.48596 0.218496 1.46978 0 1.51408 0 1.49314 0
1.51684 0.24501 1.49094 0 1.48203 0 1.48896 0
1.46442 0.217097 1.41039 0 1.4833 0 1.53651 0
1.53156 0.168532 1.48209 0 1.50239 0 1.46972 0
1.49248 0.198147 1.49283 0 1.53427 0 1.52359 0
1.46387 0.213357 1.50813 0 1.44969 0 1.50752 0
1.43352 0.228158 1.4583 0 1.49692 0 1.49271 0
1.50928 0.195314 1.52593 0 1.5086 0 1.45836 0
1.52486 0.138305 1.4918 0 1.50787 0 1.52028 0
1.48696 0.23677 1.48431 0 1.50588 0 1.47576 0
1.48679 0.20882 1.50155 0 1.51018 0 1.50342 0
1.49758 0.212609 1.51038 0 1.54209 0 1.47881 0
1.42494 0.181034 1.47715 0 1.52223 0 1.50269 0
1.41984 0.217066 1.47752 0 1.45335 0 1.55259 0
1.53249 0.241415 1.5025 0 1.48097 0 1.50173 0
1.47434 0.134747 1.52553 0 1.46104 0 1.52731 0
1.44786 0.175615 1.51351 0 1.55515 0 1.49067 0
1.53723 0.203435 1.51916 0 1.49172 0 1.47334 0
1.47997 0.238505 1.5065 0 1.48355 0 1.49973 0
1.56735 0.184191 1.52364 0 1.52257 0 1.53449 0
1.45058 0.20687 1.54324 0 1.51748 0 1.51558 0
1.51728 0.127014 1.55927 0 1.47031 0 1.48302 0
1.48477 0.233953 1.50473 0 1.51989 0 1.517 0
1.51336 0.23913 1.52311 0 1.49072 0 1.4638 0
1.33643 0.146099 1.49559 0 1.49232 0 1.57136 0
1.5266 0.165645 1.51894 0 1.49936 0 1.52607 0
1.47816 0.216891 1.56881 0 1.48679 0 1.53144 0
1.49822 0.146665 1.49825 0 1.51231 0 1.48968 0
1.47532 0.114636 1.4687 0 1.47962 0 1.4841 0
1.55093 0.235857 1.53028 0 1.49499 0 1.48573 0
1.3906 0.267258 1.48007 0 1.48771 0 1.42946 0
1.55979 0.198204 1.50737 0 1.47861 0 1.53379 0
1.44572 0.237318 1.54009 0 1.51923 0 1.49847 0
1.56957 0.263531 1.42146 0 1.47925 0 1.52159 0
1.46727 0.190487 1.51446 0 1.49544 0 1.46444 0
1.44531 0.189018 1.51921 0 1.48214 0 1.47175 0
1.49944 0.156458 1.49986 0 1.51109 0 1.51964 0
1.45127 0.212692 1.47403 0 1.50127 0 1.47982 0
1.54551 0.187471 1.45593 0 1.54647 0 1.52026 0
1.44367 0.155972 1.50064 0 1.48878 0 1.49373 0
1.54057 0.159236 1.48977 0 1.48869 0 1.54672 0
1.57452 0.201182 1.47101 0 1.5127 0 1.51982 0
1.44114 0.219792 1.48635 0 1.48987 0 1.53307 0
1.37358 0.289327 1.50618 0 1.50771 0 1.50991 0
1.4513 0.167059 1.50003 0 1.54886 0 1.4901 0
1.58868 0.207379 1.53087 0 1.47977 0 1.51058 0
1.53978 0.195695 1.49258 0 1.53199 0 1.51501 0
1.65136 0.180367 1.48562 0 1.49322 0 1.49693 0
1.48817 0.173908 1.50257 0 1.50072 0 1.53804 0
1.44074 0.260762 1.51654 0 1.50798 0 1.51067 0
1.59104 0.249846 1.46298 0 1.51885 0 1.54116 0
1.59432 0.164741 1.46644 0 1.50189 0 1.49985 0
1.53402 0.188477 1.47534 0 1.49608 0 1.50214 0
1.52863 0.222463 1.50169 0 1.45472 0 1.45651 0
1.48248 0.162949 1.52891 0 1.47274 0 1.49721 0
1.47832 0.152044 1.5233 0 1.52969 0 1.49026 0
1.46528 0.200656 1.49982 0 1.53173 0 1.47558 0
1.53135 0.190784 1.52016 0 1.53266 0 1.53478 0
1.41695 0.198608 1.46582 0 1.52552 0 1.47809 0
1.48742 0.174698 1.4794 0 1.46723 0 1.50235 0
1.51167 0.141095 1.49898 0 1.43923 0 1.42807 0
1.48183 0.188827 1.48022 0 1.49783 0 1.49746 0
1.42203 0.132038 1.49013 0 1.43157 0 1.51909 0
1.46992 0.156438 1.48621 0 1.50092 0 1.49035 0
1.56488 0.158122 1.47905 0 1.47152 0 1.50739 0
1.51684 0.146797 1.47043 0 1.48631 0 1.49051 0
1.45373 0.228826 1.44292 0 1.53801 0 1.48343 0
1.48433 0.16236 1.52215 0 1.50022 0 1.46907 0
1.51792 0.212157 1.50292 0 1.48862 0 1.53401 0
1.56414 0.153559 1.45109 0 1.49664 0 1.48111 0
1.50105 0.156443 1.49206 0 1.43543 0 1.51517 0
1.5316 0.230003 1.54627 0 1.5233 0 1.47521 0
1.39072 0.198093 1.50525 0 1.51399 0 1.53987 0
1.47149 0.172016 1.58365 0 1.49411 0 1.52855 0
1.61075 0.237125 1.51926 0 1.47329 0 1.51313 0
1.52499 0.204358 1.5604 0 1.48123 0 1.49185 0
1.64161 0.214933 1.50202 0 1.48761 0 1.48141 0
1.56501 0.18521 1.52341 0 1.49039 0 1.48521 0
1.63182 0.261987 1.50667 0 1.51357 0 1.51468 0
1.42806 0.175396 1.4826 0 1.46299 0 1.51019 0
1.53767 0.161609 1.49757 0 1.54227 0 1.52777 0
1.48475 0.241255 1.51244 0 1.52141 0 1.51612 0
1.54892 0.209818 1.47966 0 1.52305 0 1.47716 0
1.52762 0.152053 1.46016 0 1.48681 0 1.49576 0
1.46861 0.215332 1.51541 0 1.47786 0 1.45686 0
1.50887 0.258262 1.48773 0 1.51166 0 1.46855 0
1.51195 0.164538 1.53735 0 1.47709 0 1.54413 0
1.50649 0.155481 1.49229 0 1.52739 0 1.54447 0
1.46303 0.195502 1.48184 0 1.5063 0 1.48896 0
1.46189 0.180229 1.51425 0 1.46622 0 1.55771 0
1.54986 0.247435 1.52065 0 1.51388 0 1.50612 0
1.51119 0.180975 1.48796 0 1.46626 0 1.43816 0
1.47446 0.216596 1.47468 0 1.52865 0 1.46779 0
1.52423 0.222966 1.49057 0 1.52398 0 1.52574 0
1.54779 0.175036 1.53771 0 1.50149 0 1.51679 0
1.48828 0.238786 1.50208 0 1.52938 0 1.48625 0
1.52291 0.156863 1.4867 0 1.47457 0 1.49536 0
1.51321 0.220755 1.48866 0 1.49713 0 1.54473 0
1.53495 0.137216 1.45522 0 1.51298 0 1.50417 0
1.54806 0.205764 1.53684 0 1.5401 0 1.47102 0
1.54618 0.182368 1.50315 0 1.48006 0 1.47884 0
1.57425 0.161408 1.51474 0 1.52124 0 1.50728 0
1.49957 0.20393 1.51076 0 1.432 0 1.51475 0
1.50295 0.221857 1.47089 0 1.53836 0 1.50055 0
1.45416 0.170362 1.50354 0 1.49013 0 1.49975 0
1.58524 0.191512 1.48795 0 1.53346 0 1.51675 0
1.44587 0.150674 1.52328 0 1.44874 0 1.51122 0
1.43699 0.228836 1.49063 0 1.46069 0 1.50149 0
1.50144 0.201019 1.51466 0 1.52463 0 1.44688 0
1.49722 0.22201 1.478 0 1.4936 0 1.50685 0
1.45855 0.218175 1.47925 0 1.48744 0 1.48857 0
1.47963 0.169779 1.46627 0 1.49722 0 1.51083 0
1.50293 0.195273 1.46842 0 1.48117 0 1.45511 0
1.48966 0.248361 1.46563 0 1.49541 0 1.55396 0
1.45232 0.197152 1.501 0 1.53662 0 1.49473 0
1.45981 0.220759 1.49501 0 1.50932 0 1.46972 0
1.61417 0.19639 1.49778 0 1.47597 0 1.52078 0
1.46129 0.153809 1.48668 0 1.50028 0 1.524 0
1.46593 0.184484 1.524 0 1.46292 0 1.53541 0
1.49776 0.233455 1.49746 0 1.48003 0 1.5015 0
1.48113 0.237399 1.5123 0 1.48591 0 1.48414 0
1.4513 0.242499 1.51631 0 1.50509 0 1.48668 0
1.44504 0.133926 1.50389 0 1.49155 0 1.45377 0
1.42638 0.131009 1.48035 0 1.49379 0 1.51406 0
1.4897 0.305527 1.54187 0 1.50854 0 1.53351 0
1.47003 0.17018 1.48762 0 1.5037 0 1.48493 0
1.48384 0.230409 1.53174 0 1.51879 0 1.5175 0
1.50514 0.297463 1.49011 0 1.54535 0 1.50988 0
1.47181 0.220598 1.48594 0 1.50697 0 1.51734 0
1.45875 0.204282 1.43749 0 1.47304 0 1.52611 0
1.54299 0.204962 1.54038 0 1.45502 0 1.5047 0
1.49802 0.238274 1.49852 0 1.50374 0 1.52592 0
1.50402 0.19502 1.55504 0 1.50068 0 1.48717 0
1.43446 0.205354 1.46314 0 1.49692 0 1.53078 0
1.53931 0.15148 1.56115 0 1.4931 0 1.50204 0
1.55587 0.206724 1.52017 0 1.47219 0 1.49742 0
1.52251 0.174478 1.47743 0 1.45383 0 1.46352 0
1.46282 0.119117 1.52105 0 1.55777 0 1.52076 0
1.50156 0.184904 1.47801 0 1.51017 0 1.5177 0
1.47282 0.210607 1.41901 0 1.45079 0 1.4935 0
1.45081 0.194422 1.54602 0 1.50019 0 1.52244 0
1.48832 0.183868 1.47105 0 1.52162 0 1.44245 0
1.52339 0.180929 1.49665 0 1.53083 0 1.46834 0
1.5116 0.155834 1.51676 0 1.47225 0 1.48 0
1.51478 0.138528 1.52502 0 1.45101 0 1.48895 0
1.45102 0.16464 1.49514 0 1.50829 0 1.49168 0
1.4744 0.124157 1.54823 0 1.46938 0 1.4803 0
1.51902 0.235346 1.4922 0 1.52924 0 1.48974 0
1.58023 0.185619 1.51024 0 1.50223 0 1.50027 0
1.54213 0.175561 1.55773 0 1.52112 0 1.4724 0
1.48069 0.269507 1.46267 0 1.52533 0 1.49739 0
1.43237 0.213312 1.49811 0 1.53104 0 1.47887 0
1.54917 0.215781 1.536 0 1.50151 0 1.56071 0
1.48964 0.261383 1.48546 0 1.48364 0 1.5055 0
1.42057 0.161034 1.51398 0 1.52384 0 1.4861 0
1.5129 0.208415 1.43293 0 1.51163 0 1.51114 0
1.49217 0.200357 1.471 0 1.50427 0 1.45451 0
1.48756 0.160228 1.48194 0 1.50474 0 1.58081 0
1.47378 0.164099 1.54715 0 1.51707 0 1.51281 0
1.48909 0.202341 1.50536 0 1.47655 0 1.51027 0
1.61682 0.176532 1.46751 0 1.47303 0 1.50075 0
1.54474 0.203168 1.48629 0 1.46534 0 1.51755 0
1.46899 0.217235 1.48573 0 1.48478 0 1.5098 0
1.50872 0.231344 1.49142 0 1.47462 0 1.50933 0
1.47289 0.146247 1.49728 0 1.46448 0 1.50364 0
1.47611 0.237371 1.49189 0 1.48712 0 1.52223 0
1.51369 0.247055 1.5201 0 1.51956 0 1.53715 0
1.51612 0.211046 1.5038 0 1.51588 0 1.49957 0
1.48087 0.200222 1.50355 0 1.46261 0 1.4992 0
1.52108 0.193497 1.50678 0 1.54357 0 1.49838 0
1.48422 0.172971 1.49114 0 1.5158 0 1.45137 0
1.43782 0.177575 1.49083 0 1.54293 0 1.47315 0
1.37265 0.181325 1.46553 0 1.51099 0 1.49822 0
1.46806 0.224001 1.50852 0 1.48847 0 1.57049 0
1.59182 0.161077 1.50846 0 1.48196 0 1.53253 0
1.51866 0.173709 1.49758 0 1.44831 0 1.44971 0
1.46769 0.148506 1.52213 0 1.49027 0 1.46723 0
1.52037 0.20761 1.51356 0 1.48602 0 1.49576 0
1.48207 0.274349 1.50963 0 1.5377 0 1.50534 0
1.555 0.135791 1.5095 0 1.49634 0 1.53154 0
1.53767 0.18349 1.49403 0 1.53492 0 1.45806 0
1.51821 0.172195 1.48591 0 1.51316 0 1.51094 0
1.59992 0.166469 1.50593 0 1.57385 0 1.46882 0
1.41119 0.176594 1.48286 0 1.48262 0 1.47108 0
1.49913 0.218549 1.48335 0 1.5537 0 1.51339 0
1.50635 0.216609 1.53099 0 1.50103 0 1.48515 0
1.55411 0.219709 1.49555 0 1.48481 0 1.49043 0
1.52884 0.209181 1.52125 0 1.45755 0 1.53481 0
1.49593 0.251993 1.5223 0 1.50975 0 1.46282 0
1.59241 0.211865 1.49095 0 1.51751 0 1.49666 0
1.43135 0.166133 1.45874 0 1.50353 0 1.47874 0
1.47403 0.191222 1.50034 0 1.47209 0 1.54151 0
1.49006 0.255063 1.45118 0 1.50997 0 1.49441 0
1.45889 0.179682 1.51266 0 1.51609 0 1.50601 0
1.5372 0.207956 1.55027 0 1.47822 0 1.54041 0
1.56748 0.221012 1.52405 0 1.43533 0 1.46718 0
1.4422 0.181397 1.4706 0 1.52359 0 1.47878 0
1.47112 0.175325 1.49297 0 1.50704 0 1.48844 0
1.45144 0.168032 1.53052 0 1.49493 0 1.46544 0
1.50403 0.204506 1.54733 0 1.47538 0 1.51997 0
1.53063 0.186655 1.54213 0 1.48984 0 1.48989 0
1.58423 0.186497 1.55609 0 1.53904 0 1.54372 0
1.53766 0.171447 1.53316 0 1.48405 0 1.52007 0
