1.41237 0.726971
1.43872 0.464888
1.43385 0.531786
1.59659 0.00370975
1.48193 0.13713
1.56847 0.00835954
1.57092 0.00429673
1.55109 0.00906071
1.52477 0.0361911
1.38635 0.868147
1.44388 0.46947
1.53 0.0229859
1.52383 0.0297554
1.47391 0.187987
1.53606 0.0222676
1.51605 0.0397355
1.43035 0.578055
1.42588 0.593712
1.48456 0.144055
1.52545 0.0272365
1.56795 0.00645848
1.43644 0.498244
1.38948 0.876981
1.43664 0.500295
1.45308 0.342486
1.50392 0.0711346
1.56642 0.0060465
1.46881 0.231402
1.58152 0.00389392
1.51599 0.0480123
1.48758 0.131131
1.56133 0.00796692
1.52709 0.0332302
1.56315 0.00494439
1.5671 0.00639389
1.49217 0.113604
1.59474 0.00323942
1.45852 0.305867
1.44118 0.461834
1.43176 0.542493
1.44628 0.461622
1.51402 0.0484251
1.50639 0.060652
1.42498 0.583732
1.53852 0.0280482
1.58942 0.00270421
1.46823 0.238309
1.52024 0.0452592
1.47313 0.19936
1.4765 0.182969
1.47739 0.186524
1.57387 0.00318166
1.43056 0.564899
1.51446 0.0551111
1.44803 0.385922
1.55085 0.0119071
1.49925 0.0957641
1.5007 0.0889181
1.53054 0.0289105
1.44981 0.368637
1.42082 0.648759
1.40726 0.747014
1.46229 0.305529
1.46383 0.258282
1.57295 0.00269867
1.4882 0.127977
1.45309 0.362113
1.41205 0.746577
1.50579 0.0827238
1.46913 0.234715
1.45319 0.369414
1.45869 0.312441
1.4673 0.24648
1.48714 0.129385
1.50241 0.078453
1.52704 0.0255882
1.46608 0.232388
1.39383 0.849903
1.52817 0.0263813
1.45584 0.352376
1.38358 0.896031
1.54606 0.0150149
1.36782 0.93465
1.4629 0.285732
1.46629 0.249751
1.55387 0.010026
1.43979 0.506715
1.49697 0.0864144
1.55568 0.00903281
1.45614 0.324479
1.58216 0.00175044
1.5275 0.0251584
1.49792 0.0764386
1.58643 0.00403783
1.37818 0.904336
1.50111 0.0737098
1.51988 0.0281699
1.42415 0.64841
1.45699 0.302608
1.47609 0.2096
1.43033 0.546847
1.49574 0.0996983
1.4944 0.0996592
1.50948 0.0602503
1.44479 0.465451
1.51301 0.0530502
1.53807 0.018024
1.56772 0.00646342
1.54713 0.0141834
1.48344 0.141267
1.46766 0.262239
1.52786 0.0232648
1.50046 0.079577
1.56675 0.00692442
1.51984 0.0379928
1.39505 0.832598
1.52249 0.0297665
1.46405 0.272058
1.55567 0.0143994
1.51011 0.0605847
1.45388 0.347977
1.53183 0.0252909
1.47189 0.214146
1.54301 0.0152611
1.45858 0.316702
1.50056 0.0834652
1.55916 0.0126249
1.53098 0.0273115
1.45602 0.311807
1.46368 0.266785
1.61719 0.00167258
1.56099 0.0106483
1.51004 0.0641228
1.48452 0.144385
1.49983 0.0780311
1.44238 0.452546
1.51908 0.0433275
1.58402 0.00336891
1.47112 0.232373
1.4474 0.397518
1.54518 0.0171051
1.45083 0.333898
1.56032 0.00560661
1.44939 0.393891
1.48602 0.147748
1.49479 0.105483
1.47811 0.17034
1.45367 0.344808
1.56507 0.00666575
1.54355 0.0175316
1.54123 0.0194641
1.46999 0.207157
1.44214 0.447106
1.49855 0.0773011
1.44892 0.398183
1.38977 0.838663
1.47225 0.210239
1.60342 0.00132757
1.499 0.0789093
1.48525 0.132224
1.52314 0.0383266
1.55351 0.0141604
1.4287 0.586835
1.52652 0.0338838
1.44136 0.450049
1.4447 0.435962
1.42645 0.650641
1.44006 0.45901
1.54335 0.0158354
1.42688 0.595564
1.49519 0.10687
1.41832 0.659349
1.45388 0.350577
1.43048 0.575667
1.52386 0.0406089
1.48242 0.16384
1.48647 0.15779
1.55285 0.0129414
1.48698 0.12431
1.42734 0.614359
1.45781 0.315946
1.44337 0.450088
1.46893 0.260637
1.45716 0.334348
1.47307 0.214902
1.41646 0.722081
1.49937 0.101869
1.54992 0.0100086
1.5285 0.0300508
1.54841 0.0103111
1.5203 0.0364464
1.49205 0.119671
1.46393 0.279038
1.50485 0.0641348
1.45497 0.320893
1.5291 0.0274675
1.53371 0.0180421
1.50789 0.0742118
1.46918 0.224501
1.53297 0.0215587
1.49847 0.0907966
1.53217 0.0218136
1.50364 0.0738478
1.47988 0.171637
1.53838 0.0175199
1.54555 0.0138611
1.51284 0.0558057
1.57603 0.0033383
1.49176 0.112535
1.45637 0.315786
1.42165 0.630375
1.41496 0.689378
1.40286 0.792794
1.4278 0.597888
1.48462 0.132317
1.57087 0.00505402
1.50218 0.0776012
1.46261 0.278172
1.55326 0.0104559
1.50775 0.0637839
1.4921 0.115105
1.52878 0.0285986
1.48986 0.107906
1.61748 0.000619134
1.46196 0.297492
1.54284 0.01463
1.55709 0.0100036
1.45057 0.383076
1.4727 0.191141
1.53795 0.0286441
1.4723 0.202683
1.39368 0.832335
1.52253 0.048108
1.54848 0.0135617
1.54853 0.0120383
1.63124 6.45192e-05
1.52139 0.0451201
1.46171 0.283068
1.40734 0.734737
1.4586 0.292645
1.61218 0.00168424
1.52918 0.0324772
1.47741 0.162302
1.48511 0.135263
1.48961 0.127446
1.54831 0.0130447
1.55804 0.00612317
1.55924 0.0115073
1.49079 0.102418
1.53487 0.0246455
1.49592 0.0878746
1.42588 0.634294
1.52486 0.0292158
1.43325 0.536004
1.49524 0.084346
1.54989 0.0167547
1.45287 0.373435
1.55886 0.00891305
1.66452 0.00105443
1.53374 0.02124
1.49632 0.102097
1.40491 0.755237
1.49038 0.121961
1.53967 0.0215534
1.5078 0.0641532
1.50412 0.0946053
1.58984 0.00119725
1.46534 0.235015
1.47153 0.226525
1.49091 0.114689
1.51769 0.0456822
1.50429 0.0672034
1.36739 0.950817
1.64407 0.000358204
1.54092 0.0154255
1.5128 0.0566695
1.40957 0.717956
1.39977 0.820715
1.60214 0.00202988
1.49142 0.102445
1.55582 0.010811
1.51799 0.0367982
1.50234 0.0870786
1.47608 0.184988
1.46873 0.250004
1.52068 0.0430367
1.49604 0.0986007
1.47217 0.219252
1.48097 0.170679
1.42812 0.567443
1.55795 0.00776802
1.46095 0.289288
1.50522 0.0800545
1.54136 0.018352
1.48149 0.149264
1.43738 0.535705
1.45719 0.323056
1.45238 0.373604
1.44625 0.388302
1.4352 0.520843
1.49185 0.11667
1.54173 0.0172196
1.46944 0.237109
1.58251 0.00484325
1.49808 0.0918162
1.45563 0.324453
1.55998 0.00734296
1.44487 0.432187
1.55596 0.0103642
1.48596 0.131536
1.51684 0.0457316
1.46442 0.246627
1.53156 0.0250216
1.49248 0.0974045
1.46387 0.272545
1.43352 0.544213
1.50928 0.0585548
1.52486 0.0393574
1.48696 0.116363
1.48679 0.116
1.49758 0.0750483
1.42494 0.634439
1.41984 0.689883
1.53249 0.0317313
1.47434 0.188583
1.44786 0.421343
1.53723 0.0186824
1.47997 0.163707
1.56735 0.00562142
1.45058 0.350208
1.51728 0.0418706
1.48477 0.153619
1.51336 0.0446579
1.33643 0.977507
1.5266 0.0360707
1.47816 0.168421
1.49822 0.0846571
1.47532 0.205377
1.55093 0.0103252
1.3906 0.873027
1.55979 0.00975412
1.44572 0.407231
1.56957 0.00641462
1.46727 0.224583
1.44531 0.472492
1.49944 0.080814
1.45127 0.386556
1.54551 0.0149802
1.44367 0.462829
1.54057 0.0173733
1.57452 0.00441133
1.44114 0.465952
1.37358 0.917325
1.4513 0.361118
1.58868 0.00340229
1.53978 0.02164
1.65136 0.000403372
1.48817 0.128999
1.44074 0.466446
1.59104 0.00292664
1.59432 0.00237366
1.53402 0.0237946
1.52863 0.0258307
1.48248 0.130447
1.47832 0.166453
1.46528 0.252886
1.53135 0.0239362
1.41695 0.681714
1.48742 0.131073
1.51167 0.0607427
1.48183 0.132098
1.42203 0.654637
1.46992 0.221731
1.56488 0.010003
1.51684 0.0370925
1.45373 0.368029
1.48433 0.150131
1.51792 0.0314057
1.56414 0.00746423
1.50105 0.0817212
1.5316 0.0222743
1.39072 0.825393
1.47149 0.193652
1.61075 0.000162604
1.52499 0.0344945
1.64161 0.000161591
1.56501 0.00792877
1.63182 0.000351546
1.42806 0.550319
1.53767 0.0223747
1.48475 0.136057
1.54892 0.0166228
1.52762 0.0244878
1.46861 0.210981
1.50887 0.0637391
1.51195 0.0573221
1.50649 0.0684495
1.46303 0.271106
1.46189 0.284227
1.54986 0.0144316
1.51119 0.0515883
1.47446 0.194128
1.52423 0.0373483
1.54779 0.0157534
1.48828 0.124882
1.52291 0.0412094
1.51321 0.0473926
1.53495 0.0314527
1.54806 0.011904
1.54618 0.0140553
1.57425 0.0056968
1.49957 0.0810236
1.50295 0.0686517
1.45416 0.352677
1.58524 0.00387295
1.44587 0.416744
1.43699 0.485879
1.50144 0.0739429
1.49722 0.0765018
1.45855 0.316933
1.47963 0.153289
1.50293 0.0672995
1.48966 0.11949
1.45232 0.352763
1.45981 0.318878
1.61417 0.000141458
1.46129 0.305142
1.46593 0.219126
1.49776 0.10258
1.48113 0.175205
1.4513 0.406095
1.44504 0.440724
1.42638 0.611631
1.4897 0.112551
1.47003 0.210813
1.48384 0.145347
1.50514 0.0584943
1.47181 0.223787
1.45875 0.312717
1.54299 0.0143716
1.49802 0.0877011
1.50402 0.0574868
1.43446 0.498279
1.53931 0.0164069
1.55587 0.0107014
1.52251 0.0335386
1.46282 0.268587
1.50156 0.0776403
1.47282 0.199548
1.45081 0.342826
1.48832 0.123673
1.52339 0.0402642
1.5116 0.0562252
1.51478 0.0449377
1.45102 0.384076
1.4744 0.190054
1.51902 0.0388208
1.58023 0.00207144
1.54213 0.0187241
1.48069 0.169529
1.43237 0.552638
1.54917 0.0141681
1.48964 0.111887
1.42057 0.632561
1.5129 0.0398592
1.49217 0.100517
1.48756 0.143209
1.47378 0.18996
1.48909 0.10715
1.61682 0.00140237
1.54474 0.0109378
1.46899 0.198647
1.50872 0.0666413
1.47289 0.217727
1.47611 0.185381
1.51369 0.0582354
1.51612 0.0475499
1.48087 0.173359
1.52108 0.0358797
1.48422 0.1275
1.43782 0.502597
1.37265 0.914355
1.46806 0.229309
1.59182 0.00417043
1.51866 0.0465879
1.46769 0.197282
1.52037 0.0440822
1.48207 0.150982
1.555 0.0119581
1.53767 0.0230012
1.51821 0.0392303
1.59992 0.00252328
1.41119 0.728495
1.49913 0.0843817
1.50635 0.0699588
1.55411 0.0127432
1.52884 0.0315787
1.49593 0.0907724
1.59241 0.0021001
1.43135 0.586411
1.47403 0.200421
1.49006 0.121995
1.45889 0.313188
1.5372 0.0232192
1.56748 0.00698122
1.4422 0.430197
1.47112 0.209021
1.45144 0.347978
1.50403 0.069524
1.53063 0.0307212
1.58423 0.00619174
1.53766 0.0244668
